ZCO 19920331 11.55 11.55 11.55 11.55 400
ZCO 19920401 11.55 11.55 11.55 11.55 100
ZCO 19920403 11.55 11.55 11.55 11.55 100
ZCO 19920406 11.47 11.47 11.47 11.47 500
ZCO 19920407 11.39 11.39 11.39 11.39 200
ZCO 19920410 11.39 11.39 11.39 11.39 100
ZCO 19920415 11.15 11.23 11.15 11.23 2400
ZCO 19920420 11.15 11.15 11.15 11.15 600
ZCO 19920421 11.15 11.15 11.15 11.15 1100
ZCO 19920422 11.23 11.23 11.23 11.23 100
ZCO 19920423 11.39 11.39 11.39 11.39 1000
ZCO 19920424 11.47 11.47 11.47 11.47 200
ZCO 19920427 11.39 11.55 11.39 11.55 1800
ZCO 19920429 11.71 11.71 11.71 11.71 1000
ZCO 19920430 11.87 11.87 11.87 11.87 100
ZCO 19920501 11.79 11.79 11.79 11.79 200
ZCO 19920504 11.63 11.63 11.63 11.63 1600
ZCO 19920505 11.63 11.63 11.63 11.63 200
ZCO 19920506 11.79 11.79 11.79 11.79 500
ZCO 19920507 11.79 11.79 11.79 11.79 800
ZCO 19920508 11.79 11.79 11.71 11.71 400
ZCO 19920511 11.55 11.55 11.55 11.55 800
ZCO 19920512 11.55 11.55 11.47 11.47 500
ZCO 19920522 11.47 11.47 11.47 11.47 100
ZCO 19920526 11.39 11.39 11.39 11.39 500
ZCO 19920529 11.39 11.39 11.15 11.15 1700
ZCO 19920601 11.07 11.07 11.07 11.07 100
ZCO 19920602 10.91 10.91 10.91 10.91 500
ZCO 19920603 10.75 10.75 10.75 10.75 900
ZCO 19920604 10.67 10.75 10.67 10.75 300
ZCO 19920605 10.75 10.91 10.75 10.91 400
ZCO 19920608 10.83 10.83 10.67 10.67 3900
ZCO 19920610 10.75 10.75 10.59 10.59 400
ZCO 19920611 10.42 10.42 10.26 10.26 1600
ZCO 19920612 10.26 10.26 10.26 10.26 800
ZCO 19920616 10.34 10.34 10.26 10.26 300
ZCO 19920619 10.42 10.67 10.42 10.67 900
ZCO 19920622 10.67 10.83 10.67 10.67 400
ZCO 19920623 10.5 10.5 10.5 10.5 600
ZCO 19920625 10.59 10.75 10.59 10.67 1000
ZCO 19920626 10.67 10.83 10.67 10.83 600
ZCO 19920630 10.83 10.83 10.83 10.83 400
ZCO 19920702 10.67 10.67 10.67 10.67 900
ZCO 19920706 10.83 10.83 10.83 10.83 500
ZCO 19920707 10.75 10.75 10.75 10.75 100
ZCO 19920708 10.91 10.91 10.91 10.91 100
ZCO 19920709 10.91 10.91 10.91 10.91 2600
ZCO 19920710 10.83 10.83 10.83 10.83 300
ZCO 19920714 10.91 10.99 10.91 10.99 900
ZCO 19920715 10.99 10.99 10.91 10.91 1200
ZCO 19920721 10.99 10.99 10.99 10.99 500
ZCO 19920723 10.99 10.99 10.99 10.99 100
ZCO 19920728 10.83 10.83 10.83 10.83 400
ZCO 19920731 10.91 10.91 10.91 10.91 100
ZCO 19920805 10.83 10.83 10.83 10.83 200
ZCO 19920806 10.83 10.83 10.83 10.83 200
ZCO 19920807 10.75 10.75 10.59 10.59 1600
ZCO 19920811 10.43 10.67 10.43 10.67 1000
ZCO 19920818 10.59 10.59 10.35 10.35 1900
ZCO 19920819 10.35 10.35 10.35 10.35 200
ZCO 19920821 10.35 10.35 10.35 10.35 200
ZCO 19920824 10.26 10.26 10.26 10.26 100
ZCO 19920825 10.26 10.26 10.26 10.26 600
ZCO 19920831 10.43 10.43 10.43 10.43 1000
ZCO 19920902 10.59 10.59 10.59 10.59 2000
ZCO 19920903 10.51 10.51 10.51 10.51 100
ZCO 19920908 10.43 10.43 10.43 10.43 500
ZCO 19920910 10.43 10.43 10.43 10.43 200
ZCO 19920917 10.43 10.43 10.43 10.43 200
ZCO 19920928 10.43 10.43 10.43 10.43 1300
ZCO 19920929 10.35 10.35 10.35 10.35 200
ZCO 19920930 10.43 10.59 10.43 10.59 700
ZCO 19921001 10.59 10.59 10.59 10.59 2700
ZCO 19921008 10.43 10.43 10.43 10.43 500
ZCO 19921012 10.35 10.35 10.35 10.35 1000
ZCO 19921013 10.35 10.35 10.35 10.35 100
ZCO 19921015 10.35 10.35 10.35 10.35 200
ZCO 19921019 10.51 10.59 10.43 10.59 1100
ZCO 19921020 10.67 10.67 10.67 10.67 300
ZCO 19921021 10.51 10.51 10.51 10.51 300
ZCO 19921028 10.35 10.35 10.35 10.35 1000
ZCO 19921030 10.51 10.51 10.51 10.51 100
ZCO 19921102 10.43 10.43 10.43 10.43 500
ZCO 19921103 10.43 10.43 10.35 10.35 400
ZCO 19921105 10.35 10.35 10.27 10.35 800
ZCO 19921106 10.27 10.27 10.27 10.27 1900
ZCO 19921109 10.35 10.35 10.35 10.35 400
ZCO 19921110 10.27 10.27 10.27 10.27 700
ZCO 19921111 10.27 10.27 10.1 10.1 600
ZCO 19921113 10.27 10.27 10.27 10.27 1000
ZCO 19921116 10.1 10.1 10.1 10.1 800
ZCO 19921120 10.27 10.27 10.27 10.27 400
ZCO 19921123 10.27 10.27 10.27 10.27 100
ZCO 19921124 10.35 10.35 10.35 10.35 500
ZCO 19921125 10.27 10.27 10.27 10.27 2800
ZCO 19921201 10.35 10.43 10.35 10.43 1400
ZCO 19921203 10.35 10.35 10.35 10.35 200
ZCO 19921204 10.43 10.43 10.43 10.43 900
ZCO 19921208 10.35 10.43 10.35 10.43 500
ZCO 19921209 10.35 10.35 10.35 10.35 1500
ZCO 19921210 10.27 10.27 10.27 10.27 400
ZCO 19921211 10.35 10.35 10.35 10.35 200
ZCO 19921214 10.35 10.35 10.35 10.35 1100
ZCO 19921215 10.27 10.27 10.27 10.27 100
ZCO 19921216 10.27 10.27 10.27 10.27 4000
ZCO 19921217 10.35 10.35 10.18 10.18 1700
ZCO 19921218 10.35 10.35 10.35 10.35 2800
ZCO 19921221 10.35 10.35 10.35 10.35 300
ZCO 19921222 10.18 10.35 10.18 10.35 2400
ZCO 19921223 10.35 10.35 10.35 10.35 500
ZCO 19921224 10.35 10.35 10.27 10.35 4100
ZCO 19921228 10.32 10.32 10.23 10.23 1800
ZCO 19921229 10.4 10.4 10.4 10.4 100
ZCO 19921230 10.4 10.57 10.4 10.57 600
ZCO 19921231 10.66 10.74 10.66 10.74 400
ZCO 19930104 10.57 10.57 10.49 10.49 1000
ZCO 19930106 10.49 10.49 10.4 10.4 600
ZCO 19930108 10.32 10.32 10.32 10.32 2500
ZCO 19930111 10.4 10.49 10.32 10.32 1000
ZCO 19930113 10.49 10.66 10.49 10.66 1500
ZCO 19930114 10.91 11.92 10.91 11.92 77800
ZCO 19930115 12.35 12.77 11.84 11.84 71800
ZCO 19930118 11.76 11.84 11.5 11.5 9700
ZCO 19930119 11.5 11.59 10.99 11.08 10100
ZCO 19930120 11.16 11.16 10.91 10.99 8000
ZCO 19930121 10.99 10.99 10.4 10.4 10400
ZCO 19930122 10.4 10.4 9.98 10.23 9900
ZCO 19930125 10.49 10.99 10.49 10.91 11600
ZCO 19930126 11.16 11.76 11.16 11.5 7300
ZCO 19930127 11.42 11.76 11.42 11.59 2800
ZCO 19930128 11.59 11.84 11.59 11.59 7200
ZCO 19930129 11.5 11.5 11.5 11.5 3000
ZCO 19930201 11.5 11.5 11.42 11.5 5000
ZCO 19930202 11.42 11.5 11.33 11.42 4300
ZCO 19930203 11.42 11.42 11.42 11.42 1000
ZCO 19930204 11.42 11.42 11.25 11.25 1600
ZCO 19930205 11.08 11.16 11.08 11.08 3100
ZCO 19930208 10.99 11.08 10.82 10.99 3200
ZCO 19930209 10.99 11.08 10.82 11.08 2700
ZCO 19930210 11.25 11.5 11.25 11.5 6100
ZCO 19930211 11.5 11.5 11.33 11.42 900
ZCO 19930212 11.33 11.33 11.33 11.33 200
ZCO 19930216 11.16 11.33 11.16 11.33 3500
ZCO 19930217 11.33 11.33 11.16 11.16 3200
ZCO 19930218 11.33 11.42 11.25 11.33 1100
ZCO 19930219 11.33 11.33 11.16 11.16 1700
ZCO 19930222 11.25 11.33 11.25 11.33 800
ZCO 19930223 11.33 11.42 11.25 11.42 1400
ZCO 19930224 11.33 11.33 11.33 11.33 2400
ZCO 19930225 11.42 11.5 11.33 11.5 2100
ZCO 19930226 11.33 11.33 11.33 11.33 200
ZCO 19930301 11.33 11.5 11.33 11.5 1500
ZCO 19930302 11.5 11.5 11.33 11.5 2400
ZCO 19930304 11.5 11.5 11.33 11.33 1400
ZCO 19930305 11.33 11.42 11.33 11.42 900
ZCO 19930308 11.42 11.42 11.42 11.42 800
ZCO 19930309 11.42 11.59 11.42 11.42 2700
ZCO 19930310 11.5 11.76 11.5 11.76 5100
ZCO 19930311 11.84 12.09 11.84 12.01 2700
ZCO 19930312 12.09 12.09 12.01 12.01 1700
ZCO 19930315 12.09 12.09 11.76 11.92 2700
ZCO 19930316 12.01 12.01 11.92 12.01 900
ZCO 19930317 12.09 12.09 12.09 12.09 300
ZCO 19930318 12.09 12.09 12.09 12.09 1300
ZCO 19930319 11.92 12.09 11.92 12.09 1300
ZCO 19930322 12.09 12.09 12.09 12.09 700
ZCO 19930323 12.09 12.09 11.92 11.92 2000
ZCO 19930324 11.76 11.84 11.76 11.84 800
ZCO 19930325 11.92 12.09 11.92 12.01 700
ZCO 19930326 12.09 12.18 12.09 12.18 2800
ZCO 19930329 12.18 12.95 12.18 12.95 8700
ZCO 19930330 12.95 12.95 12.69 12.69 3400
ZCO 19930331 12.61 12.95 12.61 12.95 4200
ZCO 19930401 13.03 13.03 12.78 12.78 2000
ZCO 19930402 12.86 12.86 12.61 12.61 2700
ZCO 19930405 12.52 12.61 12.52 12.52 1500
ZCO 19930406 12.44 12.44 12.1 12.1 3600
ZCO 19930407 12.18 12.27 12.18 12.27 700
ZCO 19930408 12.44 12.52 12.44 12.52 2300
ZCO 19930412 12.52 12.52 12.52 12.52 200
ZCO 19930414 12.61 12.78 12.61 12.78 1800
ZCO 19930415 12.78 12.78 12.78 12.78 400
ZCO 19930416 12.86 13.03 12.86 12.86 3400
ZCO 19930419 12.95 12.95 11.93 12.01 9900
ZCO 19930420 11.84 11.84 11.76 11.76 2000
ZCO 19930421 11.67 11.67 11.67 11.67 900
ZCO 19930426 11.67 11.67 11.67 11.67 400
ZCO 19930427 11.67 11.67 11.67 11.67 200
ZCO 19930428 11.84 11.84 11.84 11.84 2600
ZCO 19930429 11.67 11.67 11.67 11.67 400
ZCO 19930430 11.58 11.76 11.5 11.76 1100
ZCO 19930503 11.84 11.84 11.67 11.67 700
ZCO 19930504 11.67 11.76 11.58 11.76 4000
ZCO 19930507 11.84 11.93 11.84 11.93 2500
ZCO 19930510 11.84 11.84 11.84 11.84 100
ZCO 19930511 11.84 12.1 11.84 12.1 1100
ZCO 19930512 12.18 12.52 12.18 12.52 3000
ZCO 19930513 12.52 12.52 12.44 12.44 600
ZCO 19930514 12.52 12.52 12.52 12.52 100
ZCO 19930517 12.35 12.35 12.35 12.35 400
ZCO 19930518 12.44 12.44 12.27 12.27 2400
ZCO 19930519 12.35 12.35 12.27 12.27 1300
ZCO 19930520 12.27 12.27 12.27 12.27 100
ZCO 19930521 12.27 12.27 12.27 12.27 300
ZCO 19930524 12.35 12.35 12.35 12.35 400
ZCO 19930525 12.27 12.27 12.27 12.27 1000
ZCO 19930526 12.18 12.18 12.18 12.18 700
ZCO 19930527 12.35 12.35 12.1 12.1 1200
ZCO 19930601 12.18 12.18 12.18 12.18 500
ZCO 19930602 12.01 12.01 11.76 11.76 1700
ZCO 19930603 11.58 11.67 11.58 11.67 1300
ZCO 19930604 11.58 11.76 11.58 11.76 700
ZCO 19930607 11.84 11.84 11.84 11.84 100
ZCO 19930608 12.01 12.01 11.84 11.84 900
ZCO 19930609 11.93 11.93 11.93 11.93 200
ZCO 19930611 12.01 12.01 12.01 12.01 300
ZCO 19930614 11.93 11.93 11.93 11.93 200
ZCO 19930615 11.84 11.84 11.84 11.84 500
ZCO 19930616 11.84 12.01 11.84 12.01 200
ZCO 19930617 11.93 11.93 11.93 11.93 200
ZCO 19930618 11.93 11.93 11.93 11.93 1200
ZCO 19930621 11.93 11.93 11.76 11.76 800
ZCO 19930622 11.67 11.67 11.67 11.67 400
ZCO 19930623 11.58 11.58 11.58 11.58 600
ZCO 19930628 11.59 11.67 11.59 11.59 1200
ZCO 19930629 11.5 11.5 11.42 11.42 1000
ZCO 19930630 11.5 11.5 11.5 11.5 1000
ZCO 19930701 11.59 11.85 11.59 11.85 1500
ZCO 19930702 11.76 11.85 11.67 11.85 3400
ZCO 19930706 12.02 12.02 12.02 12.02 300
ZCO 19930708 12.1 12.19 12.1 12.19 1500
ZCO 19930709 12.19 12.19 12.19 12.19 1500
ZCO 19930712 12.28 12.28 12.19 12.28 2400
ZCO 19930713 12.28 12.62 12.28 12.62 4700
ZCO 19930714 12.7 12.96 12.7 12.88 4300
ZCO 19930715 12.7 12.7 12.7 12.7 500
ZCO 19930719 12.53 12.62 12.45 12.45 1800
ZCO 19930720 12.53 12.79 12.53 12.79 1200
ZCO 19930721 12.62 12.62 12.53 12.53 2900
ZCO 19930722 12.36 12.53 12.36 12.36 1100
ZCO 19930723 12.28 12.28 12.19 12.19 700
ZCO 19930726 12.1 12.1 12.1 12.1 400
ZCO 19930727 12.19 12.19 12.19 12.19 200
ZCO 19930728 12.1 12.1 12.1 12.1 100
ZCO 19930729 12.02 12.02 12.02 12.02 500
ZCO 19930730 12.1 12.1 12.1 12.1 100
ZCO 19930803 12.02 12.02 12.02 12.02 300
ZCO 19930804 12.02 12.02 12.02 12.02 1000
ZCO 19930805 11.93 11.93 11.93 11.93 300
ZCO 19930806 11.93 11.93 11.93 11.93 100
ZCO 19930810 11.93 11.93 11.93 11.93 2300
ZCO 19930812 12.02 12.02 11.85 11.85 800
ZCO 19930816 11.76 11.76 11.67 11.67 1000
ZCO 19930818 11.5 11.5 11.5 11.5 200
ZCO 19930819 11.5 11.5 11.5 11.5 300
ZCO 19930820 11.59 11.59 11.5 11.5 1000
ZCO 19930823 11.5 11.5 11.5 11.5 100
ZCO 19930824 11.59 11.67 11.59 11.67 1300
ZCO 19930825 11.85 11.85 11.85 11.85 400
ZCO 19930831 11.85 11.85 11.85 11.85 100
ZCO 19930902 11.67 11.67 11.67 11.67 500
ZCO 19930903 12.1 12.1 12.02 12.02 15300
ZCO 19930907 12.1 12.28 12.1 12.28 2300
ZCO 19930908 12.1 12.19 12.02 12.02 1400
ZCO 19930913 12.02 12.1 12.02 12.1 1100
ZCO 19930914 12.1 12.1 12.1 12.1 500
ZCO 19930916 12.1 12.1 12.1 12.1 100
ZCO 19930920 12.19 12.19 12.19 12.19 500
ZCO 19930922 12.19 12.19 12.19 12.19 200
ZCO 19930924 12.28 12.28 12.19 12.19 400
ZCO 19930927 12.29 12.29 12.29 12.29 500
ZCO 19930928 12.21 12.21 12.21 12.21 300
ZCO 19930930 12.29 12.29 12.21 12.21 300
ZCO 19931001 12.12 12.12 12.12 12.12 400
ZCO 19931004 11.95 11.95 11.95 11.95 1200
ZCO 19931006 11.95 11.95 11.95 11.95 100
ZCO 19931007 11.95 12.12 11.95 12.12 400
ZCO 19931011 12.21 12.21 12.21 12.21 500
ZCO 19931012 12.12 12.29 12.12 12.12 900
ZCO 19931014 12.29 12.29 12.29 12.29 500
ZCO 19931015 12.21 12.29 12.21 12.29 500
ZCO 19931018 12.03 12.03 11.77 11.77 3300
ZCO 19931019 11.77 11.77 11.6 11.6 1700
ZCO 19931020 11.6 11.69 11.6 11.69 2600
ZCO 19931021 11.6 11.6 11.6 11.6 400
ZCO 19931022 11.77 11.77 11.77 11.77 300
ZCO 19931025 11.86 11.86 11.86 11.86 200
ZCO 19931026 11.95 11.95 11.86 11.86 1700
ZCO 19931027 11.95 11.95 11.77 11.77 1300
ZCO 19931028 11.86 11.95 11.77 11.95 2100
ZCO 19931029 11.95 12.12 11.95 11.95 1700
ZCO 19931102 11.95 11.95 11.77 11.77 1100
ZCO 19931103 11.95 11.95 11.95 11.95 200
ZCO 19931104 11.77 11.77 11.51 11.69 4500
ZCO 19931105 11.77 11.77 11.6 11.6 1000
ZCO 19931109 11.51 11.51 11.51 11.51 1600
ZCO 19931110 11.51 11.6 11.43 11.6 2000
ZCO 19931111 11.51 11.51 11.51 11.51 200
ZCO 19931112 11.51 11.51 11.51 11.51 100
ZCO 19931115 11.6 11.6 11.6 11.6 400
ZCO 19931116 11.69 11.69 11.51 11.51 1200
ZCO 19931118 11.69 11.69 11.69 11.69 400
ZCO 19931123 11.69 11.69 11.69 11.69 600
ZCO 19931124 11.77 11.77 11.77 11.77 500
ZCO 19931126 11.6 11.77 11.6 11.77 400
ZCO 19931129 11.69 11.69 11.51 11.51 1300
ZCO 19931130 11.6 11.6 11.6 11.6 7000
ZCO 19931201 11.51 11.51 11.51 11.51 500
ZCO 19931202 11.6 11.6 11.51 11.51 1200
ZCO 19931206 11.69 11.69 11.69 11.69 900
ZCO 19931207 11.6 11.6 11.6 11.6 500
ZCO 19931208 11.77 11.77 11.69 11.77 2200
ZCO 19931209 11.86 11.86 11.86 11.86 600
ZCO 19931210 11.77 11.77 11.77 11.77 500
ZCO 19931213 11.86 12.03 11.86 12.03 1000
ZCO 19931214 12.12 12.12 11.86 11.86 2000
ZCO 19931215 11.86 12.03 11.86 11.86 700
ZCO 19931216 11.86 12.03 11.86 12.03 500
ZCO 19931217 11.86 11.95 11.86 11.95 700
ZCO 19931220 12.03 12.03 12.03 12.03 300
ZCO 19931221 12.03 12.03 11.77 11.77 8500
ZCO 19931222 11.95 12.03 11.95 12.03 2700
ZCO 19931227 12.12 12.12 12.12 12.12 100
ZCO 19931228 12.25 12.25 12.07 12.07 1700
ZCO 19931229 11.98 11.98 11.89 11.89 1000
ZCO 19931230 11.98 11.98 11.98 11.98 300
ZCO 19931231 11.89 11.89 11.8 11.8 2000
ZCO 19940104 11.89 11.89 11.89 11.89 100
ZCO 19940105 11.98 11.98 11.98 11.98 200
ZCO 19940106 11.98 11.98 11.89 11.89 700
ZCO 19940107 11.8 11.8 11.8 11.8 1000
ZCO 19940110 11.71 12.07 11.71 12.07 5200
ZCO 19940111 12.07 12.07 12.07 12.07 1000
ZCO 19940112 12.07 12.25 12.07 12.25 1100
ZCO 19940113 12.34 12.34 12.34 12.34 200
ZCO 19940114 12.43 12.88 12.43 12.88 6000
ZCO 19940117 12.7 12.7 12.61 12.61 1800
ZCO 19940118 12.52 12.7 12.43 12.43 1700
ZCO 19940119 12.34 12.43 12.25 12.25 2200
ZCO 19940120 12.25 12.34 12.25 12.34 500
ZCO 19940121 12.43 12.52 12.43 12.43 900
ZCO 19940124 12.52 12.61 12.43 12.52 900
ZCO 19940125 12.52 12.52 12.43 12.52 1400
ZCO 19940126 12.34 12.52 12.34 12.52 1900
ZCO 19940127 12.61 12.7 12.61 12.7 2200
ZCO 19940128 12.88 12.97 12.88 12.97 1700
ZCO 19940131 12.88 12.88 12.79 12.88 1700
ZCO 19940201 12.79 12.88 12.79 12.88 1500
ZCO 19940202 12.7 12.88 12.7 12.7 700
ZCO 19940204 12.79 12.79 12.79 12.79 700
ZCO 19940208 12.61 12.61 12.61 12.61 400
ZCO 19940209 12.52 12.52 12.43 12.43 500
ZCO 19940214 12.43 12.43 12.34 12.34 1300
ZCO 19940215 12.34 12.34 12.34 12.34 200
ZCO 19940216 12.43 12.7 12.43 12.7 1400
ZCO 19940217 12.7 12.88 12.7 12.79 2000
ZCO 19940218 12.7 12.7 12.61 12.61 200
ZCO 19940222 12.61 12.61 12.61 12.61 700
ZCO 19940223 12.52 12.52 12.52 12.52 400
ZCO 19940224 12.52 12.52 12.43 12.52 800
ZCO 19940225 12.52 12.52 12.43 12.43 1500
ZCO 19940228 12.52 12.52 12.43 12.52 900
ZCO 19940301 12.52 12.61 12.52 12.61 500
ZCO 19940302 12.52 12.52 12.52 12.52 1000
ZCO 19940303 12.52 12.52 12.52 12.52 1200
ZCO 19940304 12.43 12.61 12.43 12.61 2200
ZCO 19940309 12.61 12.61 12.61 12.61 700
ZCO 19940310 12.52 12.52 12.52 12.52 200
ZCO 19940311 12.52 12.52 12.52 12.52 600
ZCO 19940315 12.7 12.7 12.7 12.7 100
ZCO 19940316 12.7 13.06 12.7 13.06 1200
ZCO 19940317 12.97 12.97 12.97 12.97 700
ZCO 19940318 13.15 13.24 13.15 13.24 1100
ZCO 19940321 13.33 13.33 13.33 13.33 100
ZCO 19940322 13.33 13.33 13.33 13.33 1100
ZCO 19940323 13.33 13.42 13.33 13.42 2500
ZCO 19940324 13.69 13.69 13.51 13.69 7000
ZCO 19940325 13.69 13.69 13.51 13.51 2600
ZCO 19940328 13.51 13.51 13.51 13.51 500
ZCO 19940329 13.42 13.42 13.42 13.42 600
ZCO 19940330 13.42 13.42 13.42 13.42 900
ZCO 19940331 13.33 13.33 13.06 13.06 5000
ZCO 19940406 13.15 13.15 13.15 13.15 1000
ZCO 19940408 13.15 13.15 13.15 13.15 600
ZCO 19940411 13.06 13.06 12.97 12.97 600
ZCO 19940412 13.06 13.06 13.06 13.06 500
ZCO 19940413 13.24 13.24 13.06 13.06 1200
ZCO 19940414 12.88 12.88 12.88 12.88 700
ZCO 19940415 12.7 12.7 12.7 12.7 800
ZCO 19940418 12.61 12.7 12.61 12.61 2600
ZCO 19940419 12.52 12.52 12.15 12.15 3000
ZCO 19940420 11.97 11.97 11.88 11.97 1800
ZCO 19940421 11.88 11.88 11.79 11.88 1300
ZCO 19940422 11.97 11.97 11.97 11.97 500
ZCO 19940425 11.88 11.88 11.88 11.88 300
ZCO 19940426 12.06 12.06 12.06 12.06 500
ZCO 19940428 12.06 12.06 12.06 12.06 100
ZCO 19940429 12.15 12.24 12.15 12.24 800
ZCO 19940502 12.24 12.24 12.24 12.24 200
ZCO 19940503 12.34 12.52 12.34 12.52 2100
ZCO 19940504 12.34 12.52 12.34 12.52 600
ZCO 19940505 12.34 12.34 12.34 12.34 200
ZCO 19940506 11.97 12.15 11.97 12.15 3600
ZCO 19940511 12.34 12.34 12.34 12.34 1000
ZCO 19940512 12.24 12.24 12.24 12.24 200
ZCO 19940513 12.15 12.24 11.97 12.24 4100
ZCO 19940516 12.06 12.06 12.06 12.06 700
ZCO 19940517 11.97 11.97 11.97 11.97 300
ZCO 19940519 12.15 12.15 12.15 12.15 100
ZCO 19940520 12.34 12.34 12.34 12.34 500
ZCO 19940524 12.15 12.15 12.15 12.15 400
ZCO 19940525 12.24 12.24 12.06 12.06 300
ZCO 19940526 12.06 12.06 12.06 12.06 1000
ZCO 19940527 12.24 12.24 12.06 12.06 600
ZCO 19940601 12.24 12.24 12.24 12.24 1000
ZCO 19940602 12.24 12.24 12.24 12.24 200
ZCO 19940603 12.34 12.34 12.34 12.34 700
ZCO 19940606 12.34 12.34 12.34 12.34 100
ZCO 19940607 12.15 12.15 12.15 12.15 400
ZCO 19940609 12.06 12.06 12.06 12.06 300
ZCO 19940610 12.06 12.06 12.06 12.06 1000
ZCO 19940613 11.97 11.97 11.97 11.97 100
ZCO 19940615 11.97 11.97 11.97 11.97 500
ZCO 19940617 12.15 12.15 12.15 12.15 500
ZCO 19940624 12.15 12.15 12.15 12.15 500
ZCO 19940627 11.97 11.97 11.97 11.97 400
ZCO 19940629 11.88 11.88 11.79 11.79 1300
ZCO 19940630 11.79 12.25 11.61 12.25 10000
ZCO 19940701 12.07 12.07 11.97 12.07 1300
ZCO 19940706 11.97 11.97 11.97 11.97 100
ZCO 19940707 12.07 12.07 11.88 11.88 1000
ZCO 19940708 12.07 12.07 12.07 12.07 500
ZCO 19940711 12.07 12.07 12.07 12.07 100
ZCO 19940713 11.97 11.97 11.97 11.97 100
ZCO 19940715 11.97 11.97 11.97 11.97 100
ZCO 19940721 12.07 12.07 12.07 12.07 100
ZCO 19940725 12.16 12.16 12.16 12.16 700
ZCO 19940726 12.25 12.25 12.25 12.25 500
ZCO 19940728 12.16 12.16 12.16 12.16 1000
ZCO 19940729 12.25 12.25 12.25 12.25 100
ZCO 19940802 12.07 12.07 12.07 12.07 100
ZCO 19940803 12.25 12.25 12.25 12.25 1000
ZCO 19940805 12.07 12.07 12.07 12.07 200
ZCO 19940808 12.25 12.34 12.25 12.34 1000
ZCO 19940810 12.16 12.16 12.16 12.16 600
ZCO 19940818 12.07 12.07 12.07 12.07 200
ZCO 19940819 12.25 12.25 12.25 12.25 1200
ZCO 19940822 12.07 12.16 12.07 12.16 500
ZCO 19940826 12.25 12.25 12.16 12.16 1100
ZCO 19940829 11.97 12.16 11.97 12.16 900
ZCO 19940830 12.34 12.34 12.34 12.34 500
ZCO 19940831 12.43 12.52 12.43 12.52 1000
ZCO 19940902 12.43 12.43 12.43 12.43 400
ZCO 19940906 12.43 12.43 12.43 12.43 400
ZCO 19940907 12.43 12.43 12.43 12.43 100
ZCO 19940909 12.52 12.52 12.52 12.52 500
ZCO 19940916 12.52 12.52 12.52 12.52 500
ZCO 19940923 12.61 12.61 12.43 12.43 600
ZCO 19940929 12.43 12.43 12.43 12.43 500
ZCO 19940930 12.52 12.52 12.52 12.52 500
ZCO 19941004 12.34 12.34 12.34 12.34 1000
ZCO 19941005 12.43 12.43 12.43 12.43 500
ZCO 19941006 12.43 12.43 12.43 12.43 200
ZCO 19941010 12.62 12.62 12.62 12.62 500
ZCO 19941012 12.71 12.8 12.71 12.8 1000
ZCO 19941013 12.8 12.8 12.8 12.8 500
ZCO 19941014 12.71 12.71 12.71 12.71 200
ZCO 19941017 12.71 12.71 12.71 12.71 100
ZCO 19941019 12.53 12.53 12.53 12.53 100
ZCO 19941020 12.62 12.62 12.62 12.62 500
ZCO 19941025 12.43 12.53 12.43 12.53 300
ZCO 19941028 12.62 12.71 12.62 12.71 1000
ZCO 19941031 12.53 12.62 12.53 12.62 500
ZCO 19941102 12.62 12.62 12.62 12.62 1000
ZCO 19941104 12.62 12.62 12.43 12.43 300
ZCO 19941114 12.43 12.43 12.34 12.34 400
ZCO 19941116 12.16 12.16 12.07 12.07 12600
ZCO 19941117 12.25 12.34 12.25 12.34 2000
ZCO 19941118 12.16 12.16 12.16 12.16 1000
ZCO 19941121 12.07 12.16 12.07 12.16 900
ZCO 19941122 12.07 12.07 11.88 11.88 1000
ZCO 19941123 11.88 11.97 11.79 11.79 3100
ZCO 19941125 11.61 11.7 11.61 11.7 200
ZCO 19941129 11.88 11.88 11.88 11.88 500
ZCO 19941130 11.88 11.88 11.88 11.88 500
ZCO 19941202 11.79 11.88 11.79 11.79 600
ZCO 19941205 11.7 11.7 11.7 11.7 100
ZCO 19941207 11.7 11.7 11.7 11.7 200
ZCO 19941209 11.79 11.79 11.79 11.79 500
ZCO 19941212 11.7 11.7 11.7 11.7 600
ZCO 19941214 11.61 11.61 11.61 11.61 300
ZCO 19941215 11.61 11.61 11.61 11.61 400
ZCO 19941219 11.61 11.61 11.42 11.42 1400
ZCO 19941220 11.33 11.51 11.33 11.51 1400
ZCO 19941221 11.33 11.33 11.33 11.33 400
ZCO 19941223 11.24 11.24 11.05 11.05 2000
ZCO 19941227 11.15 11.15 11.15 11.15 200
ZCO 19941228 11.24 11.24 11.05 11.05 4300
ZCO 19941229 11.15 11.15 11.05 11.05 1000
ZCO 19941230 11.15 11.24 11.05 11.05 3400
ZCO 19950103 11.21 11.4 11.11 11.4 2400
ZCO 19950104 11.49 11.49 11.49 11.49 300
ZCO 19950105 11.4 11.4 11.4 11.4 400
ZCO 19950106 11.3 11.49 11.3 11.49 1400
ZCO 19950109 11.49 11.49 11.49 11.49 2200
ZCO 19950110 11.49 11.49 11.49 11.49 1800
ZCO 19950112 11.3 11.3 11.21 11.21 1100
ZCO 19950116 11.3 11.3 11.3 11.3 700
ZCO 19950119 11.3 11.3 11.21 11.21 300
ZCO 19950120 11.21 11.3 11.21 11.3 600
ZCO 19950124 11.3 11.3 11.3 11.3 100
ZCO 19950125 11.3 11.3 11.3 11.3 100
ZCO 19950126 11.21 11.21 11.21 11.21 100
ZCO 19950127 11.3 11.3 11.3 11.3 500
ZCO 19950130 11.21 11.21 11.21 11.21 200
ZCO 19950131 11.3 11.3 11.3 11.3 100
ZCO 19950202 11.21 11.21 11.21 11.21 200
ZCO 19950203 11.4 11.4 11.4 11.4 500
ZCO 19950208 11.4 11.4 11.4 11.4 300
ZCO 19950209 11.3 11.49 11.3 11.49 900
ZCO 19950213 11.49 11.49 11.49 11.49 100
ZCO 19950215 11.4 11.4 11.4 11.4 2000
ZCO 19950216 11.49 11.49 11.3 11.3 700
ZCO 19950217 11.3 11.4 11.3 11.4 200
ZCO 19950223 11.3 11.3 11.3 11.3 200
ZCO 19950224 11.49 11.49 11.49 11.49 900
ZCO 19950303 11.49 11.49 11.49 11.49 500
ZCO 19950307 11.49 11.49 11.49 11.49 200
ZCO 19950310 11.49 11.49 11.49 11.49 500
ZCO 19950316 11.49 11.49 11.49 11.49 500
ZCO 19950317 11.3 11.3 11.3 11.3 300
ZCO 19950320 11.3 11.3 11.3 11.3 600
ZCO 19950321 11.3 11.3 11.3 11.3 1000
ZCO 19950322 11.3 11.3 11.3 11.3 500
ZCO 19950324 11.4 11.4 11.4 11.4 200
ZCO 19950328 11.4 11.4 11.4 11.4 500
ZCO 19950329 11.4 11.4 11.4 11.4 500
ZCO 19950403 11.3 11.3 11.3 11.3 300
ZCO 19950404 11.49 11.49 11.49 11.49 100
ZCO 19950407 11.4 11.49 11.4 11.49 700
ZCO 19950413 11.49 11.49 11.49 11.49 6600
ZCO 19950417 11.4 11.4 11.4 11.4 200
ZCO 19950419 11.49 11.49 11.49 11.49 500
ZCO 19950425 11.3 11.3 11.3 11.3 500
ZCO 19950426 11.3 11.3 11.3 11.3 300
ZCO 19950428 11.3 11.4 11.3 11.4 400
ZCO 19950501 11.3 11.3 11.3 11.3 200
ZCO 19950502 11.3 11.4 11.3 11.4 600
ZCO 19950503 11.3 11.3 11.3 11.3 900
ZCO 19950504 11.4 11.4 11.4 11.4 600
ZCO 19950505 11.49 11.49 11.49 11.49 500
ZCO 19950515 11.4 11.4 11.4 11.4 900
ZCO 19950519 11.3 11.59 11.3 11.4 3200
ZCO 19950523 11.3 11.3 11.3 11.3 100
ZCO 19950524 11.3 11.3 11.3 11.3 300
ZCO 19950525 11.3 11.3 11.3 11.3 200
ZCO 19950530 11.21 11.21 11.21 11.21 500
ZCO 19950531 11.21 11.49 11.21 11.49 1500
ZCO 19950608 11.49 11.49 11.49 11.49 500
ZCO 19950609 11.49 11.49 11.49 11.49 500
ZCO 19950612 11.49 11.49 11.49 11.49 600
ZCO 19950614 11.4 11.49 11.4 11.49 17500
ZCO 19950615 11.4 11.4 11.4 11.4 1000
ZCO 19950616 11.59 11.59 11.59 11.59 500
ZCO 19950621 11.49 11.49 11.49 11.49 300
ZCO 19950623 11.49 11.59 11.49 11.49 800
ZCO 19950626 11.59 11.59 11.4 11.59 1200
ZCO 19950630 11.59 11.59 11.59 11.59 400
ZCO 19950703 11.4 11.4 11.4 11.4 200
ZCO 19950705 11.5 11.5 11.31 11.4 1100
ZCO 19950707 11.6 11.6 11.6 11.6 600
ZCO 19950713 11.4 11.6 11.4 11.4 1900
ZCO 19950714 11.6 11.6 11.5 11.5 1100
ZCO 19950717 11.4 11.6 11.4 11.6 2000
ZCO 19950718 11.6 11.6 11.6 11.6 1100
ZCO 19950721 11.79 11.79 11.79 11.79 1900
ZCO 19950726 11.69 11.69 11.69 11.69 1000
ZCO 19950728 11.69 11.69 11.69 11.69 600
ZCO 19950731 11.79 11.79 11.69 11.69 500
ZCO 19950803 11.79 11.79 11.79 11.79 500
ZCO 19950807 11.69 11.69 11.69 11.69 500
ZCO 19950811 11.88 11.88 11.88 11.88 500
ZCO 19950814 11.98 11.98 11.98 11.98 500
ZCO 19950817 11.88 11.88 11.88 11.88 300
ZCO 19950821 11.88 11.88 11.88 11.88 100
ZCO 19950823 12.07 12.07 12.07 12.07 600
ZCO 19950829 12.07 12.07 11.79 11.79 2100
ZCO 19950830 11.79 11.79 11.79 11.79 200
ZCO 19950831 11.98 11.98 11.98 11.98 500
ZCO 19950901 12.07 12.07 12.07 12.07 300
ZCO 19950906 11.98 11.98 11.98 11.98 400
ZCO 19950908 12.17 12.17 12.17 12.17 500
ZCO 19950912 12.27 12.27 12.27 12.27 500
ZCO 19950913 12.27 12.46 12.27 12.46 600
ZCO 19950915 12.46 12.46 12.46 12.46 300
ZCO 19950920 12.65 12.65 12.65 12.65 500
ZCO 19950921 12.65 12.65 12.65 12.65 500
ZCO 19950926 12.65 12.65 12.46 12.46 1000
ZCO 19950927 12.36 12.36 12.36 12.36 400
ZCO 19950928 12.36 12.36 12.36 12.36 400
ZCO 19950929 12.55 12.55 12.55 12.55 500
ZCO 19951003 12.55 12.55 12.55 12.55 300
ZCO 19951005 12.46 12.65 12.46 12.65 800
ZCO 19951009 12.56 12.56 12.56 12.56 200
ZCO 19951012 12.46 12.65 12.46 12.65 4000
ZCO 19951020 12.85 12.85 12.85 12.85 500
ZCO 19951023 12.85 12.85 12.85 12.85 1000
ZCO 19951024 12.65 12.65 12.65 12.65 500
ZCO 19951025 12.75 12.75 12.75 12.75 500
ZCO 19951026 12.75 12.75 12.75 12.75 200
ZCO 19951027 12.7 12.7 12.7 12.7 5000
ZCO 19951030 12.56 12.56 12.56 12.56 200
ZCO 19951031 12.7 12.7 12.65 12.65 2300
ZCO 19951101 12.7 12.7 12.7 12.7 5000
ZCO 19951102 12.85 12.85 12.85 12.85 1000
ZCO 19951107 12.65 12.65 12.65 12.65 100
ZCO 19951110 12.65 12.75 12.65 12.75 1300
ZCO 19951114 12.65 12.65 12.65 12.65 1200
ZCO 19951116 12.65 12.65 12.65 12.65 500
ZCO 19951117 12.65 12.85 12.65 12.75 3500
ZCO 19951120 12.75 12.75 12.75 12.75 100
ZCO 19951122 12.94 12.94 12.94 12.94 500
ZCO 19951201 12.94 12.94 12.94 12.94 1000
ZCO 19951204 12.85 12.85 12.75 12.75 5100
ZCO 19951205 12.94 12.94 12.94 12.94 1000
ZCO 19951206 12.75 12.75 12.75 12.75 100
ZCO 19951212 12.75 12.75 12.75 12.75 800
ZCO 19951213 12.94 12.94 12.94 12.94 500
ZCO 19951214 12.75 12.94 12.75 12.94 2000
ZCO 19951218 12.75 12.94 12.75 12.94 1100
ZCO 19951219 12.75 12.94 12.75 12.75 1700
ZCO 19951220 12.94 12.94 12.85 12.85 600
ZCO 19951222 12.75 12.75 12.65 12.75 2900
ZCO 19951226 12.94 12.94 12.75 12.75 800
ZCO 19951227 12.75 12.94 12.75 12.94 900
ZCO 19951228 12.75 12.94 12.75 12.94 1200
ZCO 19951229 12.75 13.14 12.75 13.14 1800
ZCO 19960102 13.14 13.14 13.04 13.04 300
ZCO 19960103 13.04 13.04 13.04 13.04 200
ZCO 19960104 12.79 12.79 12.79 12.79 100
ZCO 19960105 12.98 12.98 12.98 12.98 192400
ZCO 19960108 12.88 12.88 12.69 12.69 3700
ZCO 19960109 12.88 12.88 12.88 12.88 700
ZCO 19960111 12.88 12.88 12.88 12.88 2000
ZCO 19960112 12.88 12.88 12.88 12.88 1000
ZCO 19960116 12.98 12.98 12.98 12.98 1000
ZCO 19960117 12.88 12.88 12.88 12.88 800
ZCO 19960118 12.98 12.98 12.88 12.88 1200
ZCO 19960119 14.14 15.01 13.95 14.14 19600
ZCO 19960122 14.72 14.92 14.53 14.82 18800
ZCO 19960123 14.63 14.72 14.63 14.68 3800
ZCO 19960124 14.72 14.72 14.53 14.53 800
ZCO 19960126 14.43 14.43 14.43 14.43 100
ZCO 19960129 14.53 14.53 14.53 14.53 100
ZCO 19960130 14.53 14.53 14.53 14.53 1000
ZCO 19960131 14.53 14.63 14.43 14.63 1300
ZCO 19960201 14.53 14.53 14.53 14.53 200
ZCO 19960202 14.53 14.53 14.53 14.53 600
ZCO 19960205 14.53 14.63 14.53 14.53 1200
ZCO 19960206 14.53 14.53 14.53 14.53 100
ZCO 19960207 14.53 14.63 14.43 14.53 4200
ZCO 19960208 14.43 14.43 14.43 14.43 200
ZCO 19960209 14.43 14.43 14.43 14.43 200
ZCO 19960212 14.43 14.43 14.43 14.43 300
ZCO 19960213 14.43 14.43 14.43 14.43 400
ZCO 19960214 14.63 14.63 14.63 14.63 1300
ZCO 19960216 14.72 14.92 14.53 14.92 6600
ZCO 19960220 15.01 15.31 15.01 15.21 2500
ZCO 19960221 15.01 15.01 14.82 14.82 6200
ZCO 19960222 15.01 15.11 14.82 15.11 5100
ZCO 19960223 15.11 15.11 14.92 15.11 1800
ZCO 19960226 15.01 15.01 14.92 14.92 800
ZCO 19960227 15.11 15.11 15.11 15.11 1000
ZCO 19960228 15.01 15.01 15.01 15.01 1400
ZCO 19960229 15.11 15.11 15.11 15.11 1000
ZCO 19960301 15.01 15.01 15.01 15.01 400
ZCO 19960304 15.01 15.11 15.01 15.11 800
ZCO 19960305 15.01 15.11 15.01 15.11 1400
ZCO 19960306 15.31 15.31 15.31 15.31 300
ZCO 19960307 15.31 15.31 15.31 15.31 1300
ZCO 19960308 15.31 15.31 15.31 15.31 2500
ZCO 19960312 15.11 15.11 15.11 15.11 300
ZCO 19960318 15.01 15.01 15.01 15.01 100
ZCO 19960319 15.11 15.11 15.11 15.11 2200
ZCO 19960320 15.01 15.01 15.01 15.01 100
ZCO 19960322 15.11 15.21 15.11 15.21 400
ZCO 19960327 15.11 15.11 15.11 15.11 100
ZCO 19960328 15.31 15.31 15.31 15.31 500
ZCO 19960329 15.21 15.21 15.21 15.21 100
ZCO 19960401 15.4 15.6 15.4 15.4 3000
ZCO 19960402 15.38 15.38 15.38 15.38 100
ZCO 19960403 15.38 15.38 15.38 15.38 300
ZCO 19960404 15.38 15.38 15.38 15.38 200
ZCO 19960408 15.18 15.18 15.08 15.18 800
ZCO 19960410 15.08 15.08 15.08 15.08 500
ZCO 19960412 15.28 15.38 15.28 15.38 1000
ZCO 19960415 15.28 15.33 14.99 14.99 7800
ZCO 19960416 14.89 15.08 14.89 15.08 4000
ZCO 19960417 15.28 15.38 15.08 15.38 3500
ZCO 19960418 15.28 15.38 15.28 15.38 600
ZCO 19960419 15.28 15.28 15.28 15.28 400
ZCO 19960422 15.28 15.28 15.28 15.28 700
ZCO 19960423 15.18 15.18 15.18 15.18 200
ZCO 19960424 15.38 15.38 15.38 15.38 500
ZCO 19960425 15.28 15.28 15.28 15.28 2100
ZCO 19960426 15.08 15.08 15.08 15.08 500
ZCO 19960429 15.08 15.18 15.08 15.18 4900
ZCO 19960502 14.99 15.08 14.99 15.08 600
ZCO 19960503 14.99 14.99 14.99 14.99 200
ZCO 19960506 14.99 14.99 14.99 14.99 1000
ZCO 19960508 14.89 14.89 14.89 14.89 1400
ZCO 19960513 14.89 14.89 14.89 14.89 1000
ZCO 19960516 14.89 14.89 14.89 14.89 800
ZCO 19960517 14.89 14.99 14.89 14.99 1500
ZCO 19960522 14.89 14.89 14.89 14.89 3400
ZCO 19960523 14.79 14.79 14.79 14.79 1700
ZCO 19960524 14.79 14.79 14.69 14.69 3500
ZCO 19960605 14.69 14.69 14.69 14.69 500
ZCO 19960606 14.89 14.89 14.89 14.89 400
ZCO 19960607 14.69 14.69 14.69 14.69 1500
ZCO 19960613 14.69 14.69 14.69 14.69 2100
ZCO 19960614 14.59 14.59 14.59 14.59 1500
ZCO 19960618 14.69 14.69 14.69 14.69 600
ZCO 19960619 14.69 14.69 14.59 14.59 700
ZCO 19960626 14.59 14.59 14.59 14.59 500
ZCO 19960711 14.7 14.7 14.7 14.7 1000
ZCO 19960712 14.5 14.5 14.5 14.5 1000
ZCO 19960715 14.5 14.5 14.5 14.5 800
ZCO 19960716 14.5 14.5 14.4 14.4 3000
ZCO 19960717 14.4 14.4 14.4 14.4 100
ZCO 19960722 14.4 14.4 13.91 13.91 1400
ZCO 19960724 13.81 13.81 13.71 13.71 300
ZCO 19960731 13.81 13.81 13.81 13.81 300
ZCO 19960802 13.91 13.91 13.91 13.91 1000
ZCO 19960808 13.81 13.81 13.81 13.81 100
ZCO 19960809 13.91 13.91 13.91 13.91 100
ZCO 19960813 13.91 14.1 13.91 14.1 1300
ZCO 19960814 13.91 13.91 13.91 13.91 1000
ZCO 19960816 13.81 13.81 13.71 13.71 200
ZCO 19960820 13.61 13.61 13.61 13.61 1000
ZCO 19960823 13.61 13.61 13.61 13.61 100
ZCO 19960826 13.71 13.71 13.71 13.71 300
ZCO 19960828 13.81 13.81 13.81 13.81 600
ZCO 19960829 13.61 13.61 13.61 13.61 300
ZCO 19960906 13.61 13.61 13.61 13.61 100
ZCO 19960909 13.61 13.61 13.61 13.61 100
ZCO 19960911 13.61 13.61 13.61 13.61 600
ZCO 19960916 14.01 14.4 14.01 14.2 9600
ZCO 19960917 14.3 14.4 14.3 14.4 2000
ZCO 19960919 14.4 14.5 14.4 14.5 3500
ZCO 19960920 14.5 14.5 14.4 14.4 1100
ZCO 19960923 14.2 14.2 14.2 14.2 1700
ZCO 19960924 14.1 14.1 14.1 14.1 300
ZCO 19960926 14.2 14.2 14.2 14.2 100
ZCO 19960927 14.1 14.3 14.1 14.3 1200
ZCO 19960930 14.1 14.1 14.1 14.1 300
ZCO 19961002 14.21 14.21 14.21 14.21 500
ZCO 19961003 14.11 14.11 14.11 14.11 200
ZCO 19961004 14.11 14.11 14.11 14.11 500
ZCO 19961007 14.31 14.31 14.31 14.31 500
ZCO 19961009 14.21 14.21 14.21 14.21 600
ZCO 19961015 14.21 14.21 14.21 14.21 500
ZCO 19961016 14.31 14.31 14.31 14.31 700
ZCO 19961018 14.51 14.51 14.51 14.51 300
ZCO 19961021 14.41 14.41 14.41 14.41 600
ZCO 19961022 14.51 14.61 14.51 14.61 1000
ZCO 19961025 14.8 14.8 14.8 14.8 1700
ZCO 19961028 14.61 14.61 14.61 14.61 100
ZCO 19961031 14.61 14.7 14.61 14.61 3500
ZCO 19961101 14.51 14.61 14.51 14.51 1900
ZCO 19961104 14.7 14.7 14.7 14.7 600
ZCO 19961106 14.51 14.51 14.51 14.51 300
ZCO 19961107 14.51 14.51 14.31 14.31 2000
ZCO 19961108 14.41 14.61 14.41 14.61 2200
ZCO 19961111 14.41 14.41 14.41 14.41 500
ZCO 19961112 14.41 14.41 14.41 14.41 100
ZCO 19961121 14.41 14.41 14.41 14.41 100
ZCO 19961129 14.61 14.61 14.61 14.61 2000
ZCO 19961203 14.51 14.51 14.51 14.51 600
ZCO 19961204 14.51 14.51 14.31 14.31 2000
ZCO 19961206 14.11 14.21 14.11 14.21 1000
ZCO 19961210 14.21 14.21 14.21 14.21 100
ZCO 19961212 14.21 14.21 14.21 14.21 1000
ZCO 19961213 13.91 13.91 13.71 13.71 5200
ZCO 19961216 13.81 13.91 13.81 13.91 1000
ZCO 19961218 13.81 13.81 13.81 13.81 500
ZCO 19961219 13.91 13.91 13.81 13.81 1000
ZCO 19961220 14.01 14.11 14.01 14.11 800
ZCO 19961223 14.11 14.11 14.11 14.11 200
ZCO 19961226 13.91 13.91 13.91 13.91 1300
ZCO 19961230 13.91 13.91 13.91 13.91 300
ZCO 19961231 13.91 13.91 13.91 13.91 200
ZCO 19970102 13.95 13.95 13.95 13.95 100
ZCO 19970106 14.06 14.26 14.06 14.26 1500
ZCO 19970107 14.26 14.26 14.26 14.26 100
ZCO 19970110 14.26 14.26 14.26 14.26 1100
ZCO 19970113 14.26 14.26 14.06 14.26 1600
ZCO 19970114 14.16 14.16 13.95 13.95 600
ZCO 19970116 13.85 13.85 13.65 13.75 3400
ZCO 19970117 13.75 13.75 13.65 13.65 400
ZCO 19970120 13.55 13.65 13.55 13.65 400
ZCO 19970121 13.85 13.85 13.85 13.85 100
ZCO 19970122 14.06 14.06 14.06 14.06 300
ZCO 19970123 14.06 14.57 14.06 14.57 3600
ZCO 19970124 14.57 14.77 14.57 14.67 2500
ZCO 19970127 14.87 14.87 14.87 14.87 500
ZCO 19970128 14.87 14.97 14.67 14.97 1800
ZCO 19970129 14.97 14.97 14.97 14.97 3900
ZCO 19970130 15.07 15.07 15.07 15.07 400
ZCO 19970131 15.07 15.79 15.07 15.79 6400
ZCO 19970203 15.99 15.99 15.28 15.28 8600
ZCO 19970204 15.07 15.38 15.07 15.07 1800
ZCO 19970205 15.58 15.58 15.48 15.48 3300
ZCO 19970206 15.69 15.79 15.58 15.58 4100
ZCO 19970207 15.79 15.79 15.79 15.79 500
ZCO 19970210 15.79 15.79 15.69 15.79 1200
ZCO 19970212 15.79 15.79 15.79 15.79 600
ZCO 19970214 15.79 15.99 15.79 15.79 1900
ZCO 19970219 15.79 15.79 15.69 15.69 900
ZCO 19970220 15.58 15.58 15.58 15.58 1300
ZCO 19970221 15.58 15.58 15.58 15.58 100
ZCO 19970224 15.48 15.48 15.48 15.48 200
ZCO 19970225 15.58 15.58 15.58 15.58 100
ZCO 19970226 15.69 15.79 15.69 15.79 1300
ZCO 19970227 15.79 15.79 15.79 15.79 100
ZCO 19970228 15.99 15.99 15.79 15.79 1100
ZCO 19970307 15.69 15.69 15.69 15.69 600
ZCO 19970310 15.48 15.58 15.38 15.58 2500
ZCO 19970311 15.48 15.48 15.38 15.38 800
ZCO 19970313 15.28 15.28 15.07 15.18 1600
ZCO 19970314 15.18 15.18 14.97 14.97 1600
ZCO 19970317 15.07 15.07 15.07 15.07 500
ZCO 19970319 14.97 14.97 14.67 14.67 800
ZCO 19970321 14.87 14.97 14.87 14.97 1800
ZCO 19970324 15.18 15.18 15.07 15.07 400
ZCO 19970325 15.07 15.28 15.07 15.28 600
ZCO 19970326 15.07 15.18 15.07 15.18 500
ZCO 19970327 15.28 15.28 15.28 15.28 300
ZCO 19970331 15.28 15.28 15.07 15.18 500
ZCO 19970401 15.18 15.18 15.18 15.18 400
ZCO 19970402 15.18 15.18 15.18 15.18 1300
ZCO 19970403 15.24 15.24 15.24 15.24 700
ZCO 19970407 15.45 15.45 15.45 15.45 300
ZCO 19970411 15.55 15.55 15.55 15.55 1000
ZCO 19970416 15.35 15.35 15.35 15.35 600
ZCO 19970421 15.35 15.35 15.35 15.35 200
ZCO 19970422 15.45 15.45 15.45 15.45 300
ZCO 19970424 15.35 15.35 15.35 15.35 200
ZCO 19970428 15.35 15.35 15.35 15.35 100
ZCO 19970430 15.35 15.35 15.35 15.35 100
ZCO 19970501 15.35 15.35 15.35 15.35 300
ZCO 19970507 15.35 15.35 15.35 15.35 200
ZCO 19970508 15.35 15.35 15.35 15.35 100
ZCO 19970509 15.35 15.35 15.35 15.35 200
ZCO 19970512 15.45 15.45 15.45 15.45 1000
ZCO 19970513 15.35 15.35 15.35 15.35 1000
ZCO 19970514 15.24 15.24 15.04 15.04 2100
ZCO 19970515 15.04 15.04 15.04 15.04 100
ZCO 19970520 14.93 14.93 14.93 14.93 100
ZCO 19970522 14.83 14.83 14.73 14.83 1500
ZCO 19970530 14.83 14.83 14.73 14.73 1600
ZCO 19970603 14.83 14.83 14.83 14.83 200
ZCO 19970604 14.73 14.73 14.73 14.73 3800
ZCO 19970605 14.73 14.73 14.73 14.73 1900
ZCO 19970606 14.83 14.83 14.83 14.83 500
ZCO 19970609 14.93 15.04 14.93 15.04 700
ZCO 19970610 15.14 15.14 15.14 15.14 400
ZCO 19970611 14.93 14.93 14.83 14.83 900
ZCO 19970612 14.93 14.93 14.73 14.93 1000
ZCO 19970613 15.14 15.35 14.93 14.93 2900
ZCO 19970616 14.73 14.83 14.73 14.83 500
ZCO 19970618 14.73 14.73 14.73 14.73 700
ZCO 19970619 14.73 15.14 14.73 15.14 1200
ZCO 19970620 15.04 15.04 15.04 15.04 1000
ZCO 19970623 14.93 14.93 14.83 14.83 1000
ZCO 19970624 14.83 14.83 14.83 14.83 1500
ZCO 19970625 14.83 15.04 14.83 15.04 1500
ZCO 19970626 14.83 14.83 14.83 14.83 500
ZCO 19970627 14.88 14.88 14.88 14.88 40000
ZCO 19970630 15.04 15.04 14.83 14.83 400
ZCO 19970701 14.94 15.15 14.94 15.15 1500
ZCO 19970702 14.94 15.35 14.94 15.35 8000
ZCO 19970703 15.25 15.25 15.25 15.25 2000
ZCO 19970707 15.35 15.35 15.35 15.35 1100
ZCO 19970709 15.35 15.46 15.35 15.46 1300
ZCO 19970711 15.66 15.77 15.66 15.66 1000
ZCO 19970715 15.66 15.66 15.66 15.66 100
ZCO 19970716 15.77 16.29 15.77 16.08 1700
ZCO 19970718 16.29 16.29 16.08 16.08 1700
ZCO 19970721 15.87 16.39 15.87 16.39 5300
ZCO 19970722 16.39 16.39 16.39 16.39 900
ZCO 19970723 16.61 16.7 16.61 16.7 400
ZCO 19970724 16.7 17.53 16.7 17.43 3700
ZCO 19970725 17.64 18.27 17.64 18.15 5500
ZCO 19970728 18.15 18.15 18.05 18.05 700
ZCO 19970729 18.15 18.15 18.15 18.15 500
ZCO 19970730 17.95 17.95 17.84 17.95 2000
ZCO 19970731 17.95 17.95 17.95 17.95 500
ZCO 19970801 17.95 17.95 17.95 17.95 600
ZCO 19970804 17.95 18 17.95 18 400
ZCO 19970805 17.84 17.84 17.74 17.74 1000
ZCO 19970806 17.64 17.64 17.64 17.64 300
ZCO 19970807 17.74 17.74 17.74 17.74 500
ZCO 19970808 17.64 17.64 17.64 17.64 500
ZCO 19970812 17.53 17.53 17.43 17.43 500
ZCO 19970813 17.64 17.74 17.43 17.43 2000
ZCO 19970815 17.22 17.38 17.12 17.12 2300
ZCO 19970818 17.02 17.02 17.02 17.02 500
ZCO 19970819 17.02 17.02 17.02 17.02 400
ZCO 19970820 17.18 17.22 17.18 17.22 34000
ZCO 19970821 17.32 17.74 17.32 17.74 3100
ZCO 19970822 17.53 17.53 17.43 17.43 1100
ZCO 19970826 17.22 17.43 17.22 17.43 1400
ZCO 19970828 17.43 17.43 17.43 17.43 100
ZCO 19970829 17.43 17.43 17.22 17.22 500
ZCO 19970902 17.32 17.32 17.02 17.02 700
ZCO 19970903 17.12 17.32 17.12 17.32 600
ZCO 19970905 17.53 17.53 17.53 17.53 1000
ZCO 19970908 17.53 17.53 17.53 17.53 200
ZCO 19970909 17.74 17.74 17.74 17.74 500
ZCO 19970911 17.95 17.95 17.95 17.95 500
ZCO 19970916 17.74 17.74 17.74 17.74 400
ZCO 19970917 17.95 18.15 17.84 18.15 2100
ZCO 19970918 18.15 18.15 17.95 17.95 300
ZCO 19970919 17.84 17.84 17.84 17.84 100
ZCO 19970922 18.05 18.05 17.84 17.84 400
ZCO 19970923 18.05 18.05 18.05 18.05 200
ZCO 19970924 18.36 19.2 18.36 19.09 2400
ZCO 19970925 19.09 19.09 18.78 18.78 1100
ZCO 19970929 18.98 18.98 18.98 18.98 4500
ZCO 19970930 18.98 18.98 18.98 18.98 2600
ZCO 19971001 19.41 19.52 19.41 19.52 5400
ZCO 19971002 19.41 19.41 19.2 19.3 800
ZCO 19971003 19.2 19.2 19.09 19.09 2600
ZCO 19971006 19.2 19.2 19.2 19.2 200
ZCO 19971007 19.36 19.41 19.36 19.41 500
ZCO 19971008 19.2 19.2 19.09 19.09 700
ZCO 19971009 19.09 19.09 18.88 18.88 500
ZCO 19971010 18.88 18.88 18.88 18.88 1800
ZCO 19971013 18.88 19.2 18.88 19.2 4800
ZCO 19971017 19.3 19.3 19.3 19.3 700
ZCO 19971020 19.09 19.09 18.99 19.09 900
ZCO 19971022 19.09 19.09 19.09 19.09 100
ZCO 19971023 18.88 18.88 18.88 18.88 200
ZCO 19971024 18.36 18.36 18.15 18.36 7700
ZCO 19971028 18.05 18.15 17.74 18.15 1700
ZCO 19971029 18.15 18.21 18.15 18.21 21500
ZCO 19971030 18.15 18.15 18.15 18.15 100
ZCO 19971106 17.95 17.95 17.95 17.95 100
ZCO 19971107 17.74 17.74 17.53 17.58 3500
ZCO 19971111 17.74 17.74 17.74 17.74 500
ZCO 19971113 17.84 17.84 17.84 17.84 500
ZCO 19971114 17.95 17.95 17.95 17.95 300
ZCO 19971128 17.84 17.84 17.84 17.84 100
ZCO 19971203 17.74 17.74 17.74 17.74 2600
ZCO 19971215 17.74 17.74 17.74 17.74 400
ZCO 19971222 17.74 17.74 17.74 17.74 200
ZCO 19971223 17.74 17.74 17.53 17.53 2600
ZCO 19971224 17.74 17.74 17.74 17.74 500
ZCO 19971226 17.53 17.53 17.53 17.53 200
ZCO 19980106 17.43 17.43 17.43 17.43 400
ZCO 19980108 17.43 17.43 17.43 17.43 800
ZCO 19980112 17.31 17.31 17.04 17.04 1700
ZCO 19980113 17.04 17.04 16.95 16.95 1800
ZCO 19980114 16.95 16.95 16.62 16.62 3000
ZCO 19980115 16.52 16.52 16.52 16.52 3100
ZCO 19980116 16.52 16.52 16.3 16.52 1200
ZCO 19980121 16.41 16.52 16.41 16.52 600
ZCO 19980122 16.73 16.73 16.73 16.73 200
ZCO 19980123 16.73 16.73 16.73 16.73 300
ZCO 19980126 16.95 16.95 16.95 16.95 100
ZCO 19980127 17.04 17.58 17.04 17.47 2600
ZCO 19980128 17.27 17.36 17.15 17.15 1400
ZCO 19980130 17.27 17.27 17.27 17.27 200
ZCO 19980202 17.04 17.04 17.04 17.04 200
ZCO 19980203 17.27 17.27 16.95 17.04 900
ZCO 19980205 17.04 17.27 17.04 17.27 500
ZCO 19980206 17.15 17.68 17.15 17.68 1200
ZCO 19980209 17.9 17.9 17.9 17.9 700
ZCO 19980213 17.9 17.9 17.58 17.79 500
ZCO 19980217 17.58 17.58 17.58 17.58 100
ZCO 19980218 17.47 17.47 17.36 17.36 300
ZCO 19980219 17.27 17.27 17.04 17.04 3400
ZCO 19980220 16.95 17.47 16.95 17.27 1800
ZCO 19980224 17.04 17.04 16.83 16.83 2700
ZCO 19980225 16.83 16.99 16.83 16.99 1700
ZCO 19980226 17.15 17.15 17.15 17.15 600
ZCO 19980227 17.27 17.79 17.27 17.79 3300
ZCO 19980302 17.9 18.22 17.9 18 8100
ZCO 19980303 18.11 18.11 18.11 18.11 200
ZCO 19980305 18.11 18.11 18.11 18.11 200
ZCO 19980310 18.22 18.32 17.9 18.32 1700
ZCO 19980311 18.11 18.54 18.11 18.54 800
ZCO 19980312 18.75 19.81 18.75 19.81 2400
ZCO 19980313 19.71 19.71 19.71 19.71 200
ZCO 19980316 19.81 20.45 19.81 20.45 1600
ZCO 19980317 20.67 20.88 20.67 20.88 700
ZCO 19980318 21.09 21.09 21.09 21.09 100
ZCO 19980319 20.88 20.88 20.67 20.67 3000
ZCO 19980324 20.56 20.56 20.56 20.56 800
ZCO 19980327 20.45 20.45 20.45 20.45 300
ZCO 19980401 20.45 20.99 20.45 20.99 2600
ZCO 19980402 21.2 21.2 21.2 21.2 400
ZCO 19980403 20.99 21.2 20.99 21.2 300
ZCO 19980406 21.41 21.52 21.31 21.31 2900
ZCO 19980407 21.52 21.52 21.31 21.31 1800
ZCO 19980408 21.31 21.36 21.31 21.31 2000
ZCO 19980414 21.31 21.31 21.2 21.2 900
ZCO 19980415 20.88 20.99 20.88 20.88 800
ZCO 19980416 21.04 21.2 21.04 21.2 300
ZCO 19980417 20.99 20.99 20.99 20.99 200
ZCO 19980420 20.88 20.88 19.28 20.77 4700
ZCO 19980421 20.56 20.77 20.56 20.77 300
ZCO 19980422 20.99 20.99 20.99 20.99 200
ZCO 19980423 21.09 21.09 20.88 20.88 600
ZCO 19980424 20.67 20.88 20.67 20.88 500
ZCO 19980427 20.88 20.88 20.88 20.88 200
ZCO 19980429 20.89 20.89 20.89 20.89 200
ZCO 19980504 20.89 20.89 20.89 20.89 400
ZCO 19980507 20.89 20.89 20.89 20.89 900
ZCO 19980508 20.89 20.89 20.89 20.89 2600
ZCO 19980514 20.89 20.89 20.78 20.78 500
ZCO 19980520 20.68 20.68 20.68 20.68 500
ZCO 19980526 20.68 20.68 20.68 20.68 4900
ZCO 19980527 20.62 20.62 20.46 20.46 1300
ZCO 19980529 20.41 20.41 20.36 20.36 1400
ZCO 19980601 20.14 20.14 20.04 20.04 300
ZCO 19980602 19.82 19.82 19.72 19.72 400
ZCO 19980603 19.61 19.61 19.61 19.61 100
ZCO 19980604 19.52 19.52 19.52 19.52 400
ZCO 19980605 19.29 19.52 19.29 19.52 700
ZCO 19980608 19.29 19.4 19.2 19.2 1300
ZCO 19980610 19.08 19.08 19.08 19.08 100
ZCO 19980612 18.87 18.87 18.87 18.87 100
ZCO 19980616 18.97 18.97 18.45 18.45 1400
ZCO 19980619 18.33 18.33 18.33 18.33 200
ZCO 19980622 18.12 18.12 17.91 17.91 1200
ZCO 19980624 17.7 17.7 17.7 17.7 100
ZCO 19980626 17.48 17.8 17.48 17.8 800
ZCO 19980708 17.48 17.48 17.48 17.48 1000
ZCO 19980721 17.7 17.7 17.7 17.7 600
ZCO 19980723 17.59 17.59 17.59 17.59 100
ZCO 19980724 17.59 17.59 17.59 17.59 300
ZCO 19980727 17.59 17.59 17.59 17.59 100
ZCO 19980728 17.8 17.8 17.8 17.8 200
ZCO 19980730 17.7 17.7 17.7 17.7 400
ZCO 19980731 17.48 17.48 17.48 17.48 200
ZCO 19980804 17.48 17.48 17.48 17.48 1000
ZCO 19980805 17.48 17.48 17.48 17.48 100
ZCO 19980807 17.43 17.43 17.43 17.43 700
ZCO 19980810 17.43 17.43 17.38 17.38 1700
ZCO 19980812 17.32 17.32 16.68 16.68 5000
ZCO 19980814 16.95 16.95 16.95 16.95 200
ZCO 19980818 16.57 16.57 16.57 16.57 19400
ZCO 19980819 16.73 16.73 16.73 16.73 100
ZCO 19980824 16.73 16.73 16.73 16.73 1000
ZCO 19980827 16.62 16.62 16.62 16.62 500
ZCO 19980828 16.62 16.62 16.62 16.62 1000
ZCO 19980831 16.62 16.62 16.62 16.62 1100
ZCO 19980903 16.62 16.62 16.62 16.62 100
ZCO 19980904 16.62 16.62 16.62 16.62 1000
ZCO 19980909 16.52 16.52 16.52 16.52 100
ZCO 19980910 16.62 16.62 16.62 16.62 100
ZCO 19980911 16.84 16.84 16.84 16.84 100
ZCO 19980914 16.84 16.84 16.84 16.84 500
ZCO 19980916 16.84 16.84 16.84 16.84 1000
ZCO 19980921 16.62 16.62 16.41 16.41 2000
ZCO 19980922 16.41 16.41 16.3 16.41 2500
ZCO 19980929 16.41 16.41 16.3 16.3 1000
ZCO 19980930 16.2 16.2 16.2 16.2 3300
ZCO 19981001 16.2 16.2 16.2 16.2 700
ZCO 19981005 16.2 16.2 16.2 16.2 200
ZCO 19981006 16.2 16.2 16.2 16.2 200
ZCO 19981007 16.2 16.41 16.2 16.41 70500
ZCO 19981008 16.09 16.09 15.02 15.02 4100
ZCO 19981009 15.02 15.02 15.02 15.02 700
ZCO 19981015 15.02 15.23 15.02 15.23 14900
ZCO 19981023 15.23 15.23 15.23 15.23 600
ZCO 19981026 15.23 15.23 15.23 15.23 2200
ZCO 19981027 15.44 15.77 15.44 15.77 1000
ZCO 19981029 15.88 15.88 15.88 15.88 100
ZCO 19981030 15.77 15.99 15.77 15.99 700
ZCO 19981102 15.88 15.88 15.88 15.88 200
ZCO 19981103 15.88 15.88 15.77 15.77 2400
ZCO 19981104 16.09 16.09 15.88 15.88 300
ZCO 19981105 16.09 16.09 16.09 16.09 300
ZCO 19981109 16.04 16.04 16.04 16.04 200
ZCO 19981110 15.88 15.88 15.88 15.88 400
ZCO 19981117 15.77 15.77 15.77 15.77 600
ZCO 19981130 15.66 15.66 15.66 15.66 500
ZCO 19981201 15.55 15.55 15.55 15.55 4100
ZCO 19981207 15.45 15.45 15.45 15.45 600
ZCO 19981218 15.45 15.45 15.45 15.45 2000
ZCO 19981224 15.77 15.88 15.77 15.88 500
ZCO 19981228 15.99 16.43 15.99 16.43 1000
ZCO 19981229 16.43 16.43 16.43 16.43 1000
ZCO 19981231 16.42 16.42 16.2 16.2 2700
ZCO 19990104 16.42 16.42 16.42 16.42 100
ZCO 19990106 16.42 16.42 16.42 16.42 400
ZCO 19990107 16.42 16.42 16.31 16.42 800
ZCO 19990108 16.74 16.74 16.74 16.74 500
ZCO 19990112 16.42 16.42 16.42 16.42 500
ZCO 19990114 16.74 16.74 16.74 16.74 4200
ZCO 19990115 17.17 17.17 17.17 17.17 500
ZCO 19990120 17.39 17.39 17.39 17.39 100
ZCO 19990121 17.39 17.61 17.39 17.61 500
ZCO 19990126 17.82 17.82 17.82 17.82 200
ZCO 19990127 17.61 17.61 17.61 17.61 100
ZCO 19990128 17.5 17.5 17.5 17.5 200
ZCO 19990129 17.83 17.94 17.83 17.94 800
ZCO 19990201 17.83 17.83 17.5 17.5 2700
ZCO 19990202 17.17 17.17 16.52 16.58 3500
ZCO 19990204 16.58 17.83 16.58 17.39 6500
ZCO 19990208 17.61 17.61 17.61 17.61 300
ZCO 19990209 17.66 17.66 17.66 17.66 3100
ZCO 19990211 17.61 17.61 17.61 17.61 6400
ZCO 19990217 17.5 17.5 17.5 17.5 3000
ZCO 19990219 17.83 17.83 17.83 17.83 600
ZCO 19990224 17.77 17.77 17.77 17.77 400
ZCO 19990226 17.72 17.94 17.72 17.94 300
ZCO 19990302 17.72 17.72 17.61 17.61 700
ZCO 19990303 17.39 17.39 17.07 17.07 1000
ZCO 19990310 16.96 16.96 16.63 16.63 9100
ZCO 19990315 16.52 16.52 16.52 16.52 100
ZCO 19990318 16.52 16.52 16.41 16.41 900
ZCO 19990319 16.63 16.85 16.63 16.85 900
ZCO 19990323 17.07 17.07 17.07 17.07 200
ZCO 19990329 16.96 17.39 16.96 17.17 1400
ZCO 19990330 16.96 16.96 16.74 16.74 900
ZCO 19990331 16.74 16.74 15.33 15.65 6100
ZCO 19990401 15.44 15.76 15.44 15.49 4000
ZCO 19990405 15.22 15.27 15 15 900
ZCO 19990406 15.22 15.54 15.22 15.54 600
ZCO 19990409 15.65 16.2 15.65 16.2 3500
ZCO 19990412 16.52 16.52 16.52 16.52 1000
ZCO 19990413 16.74 16.96 16.74 16.96 11400
ZCO 19990414 16.96 16.96 16.74 16.74 1600
ZCO 19990419 16.74 16.74 16.74 16.74 600
ZCO 19990420 16.52 16.52 16.52 16.52 200
ZCO 19990423 16.31 16.31 16.31 16.31 200
ZCO 19990427 16.2 16.2 16.2 16.2 600
ZCO 19990428 16.31 16.31 16.31 16.31 100
ZCO 19990429 16.09 16.2 15.98 16.2 1700
ZCO 19990430 16.09 16.09 16.09 16.09 200
ZCO 19990505 15.98 15.98 15.98 15.98 400
ZCO 19990512 15.98 15.98 15.98 15.98 200
ZCO 19990514 15.76 15.87 15.54 15.76 1200
ZCO 19990517 15.98 15.98 15.98 15.98 200
ZCO 19990519 16.09 16.09 16.09 16.09 200
ZCO 19990527 16.31 16.31 16.31 16.31 1000
ZCO 19990528 16.09 16.09 16.09 16.09 200
ZCO 19990603 15.87 15.87 15.87 15.87 100
ZCO 19990604 15.76 15.76 15.76 15.76 300
ZCO 19990607 15.65 15.65 15.65 15.65 400
ZCO 19990608 15.54 15.54 15.54 15.54 100
ZCO 19990610 15.65 15.65 15.65 15.65 1500
ZCO 19990615 15.43 15.43 15.33 15.33 600
ZCO 19990616 15.54 15.54 15.54 15.54 2000
ZCO 19990617 15.33 15.33 15.33 15.33 200
ZCO 19990618 15.33 15.33 15.22 15.22 5500
ZCO 19990628 15.33 15.33 15.33 15.33 1200
ZCO 19990702 15.22 15.22 15.22 15.22 400
ZCO 19990707 15.43 15.43 15.43 15.43 200
ZCO 19990721 15.33 15.33 15.33 15.33 100
ZCO 19990723 15.22 15.22 15.22 15.22 300
ZCO 19990730 15.11 15.11 15.11 15.11 500
ZCO 19990802 15 15 15 15 200
ZCO 19990803 14.89 15.11 14.89 15.11 1500
ZCO 19990805 15.22 15.33 15.22 15.33 500
ZCO 19990812 15.44 15.44 15.44 15.44 200
ZCO 19990813 15.33 15.33 15.33 15.33 100
ZCO 19990817 15.55 15.77 15.55 15.77 1200
ZCO 19990819 15.88 16.1 15.88 16.1 1700
ZCO 19990831 15.77 15.77 15.77 15.77 700
ZCO 19990907 15.44 15.44 15.44 15.44 100
ZCO 19990908 15.88 15.88 15.66 15.66 300
ZCO 19990910 15.88 15.88 15.88 15.88 200
ZCO 19990913 15.66 15.66 15.66 15.66 400
ZCO 19990915 15.44 15.44 15.44 15.44 600
ZCO 19990916 15.33 15.33 15.11 15.11 1000
ZCO 19990929 15 15 13.57 13.57 7800
ZCO 19990930 13.46 13.46 12.79 12.79 21600
ZCO 19991001 13.01 13.23 13.01 13.23 1100
ZCO 19991004 13.35 13.35 13.23 13.23 500
ZCO 19991005 13.12 13.12 13.12 13.12 6000
ZCO 19991006 13.12 13.12 13.01 13.01 7600
ZCO 19991007 12.9 12.9 12.9 12.9 1000
ZCO 19991008 13.12 13.12 13.12 13.12 500
ZCO 19991011 13.23 13.23 13.23 13.23 400
ZCO 19991015 13.46 13.57 13.46 13.57 5800
ZCO 19991019 13.46 13.46 13.46 13.46 300
ZCO 19991022 13.68 13.68 13.68 13.68 200
ZCO 19991103 13.62 13.62 13.62 13.62 400
ZCO 19991104 13.62 13.62 13.62 13.62 200
ZCO 19991105 13.62 13.62 13.46 13.46 600
ZCO 19991109 13.46 13.46 13.46 13.46 100
ZCO 19991116 13.24 13.24 13.24 13.24 2400
ZCO 19991124 13.07 13.07 12.79 12.9 6900
ZCO 19991129 12.68 12.68 12.57 12.57 1000
ZCO 19991130 12.57 12.79 12.57 12.74 900
ZCO 19991202 12.9 13.12 12.9 13.12 400
ZCO 19991207 13.12 13.12 13.12 13.12 100
ZCO 19991213 13.01 13.01 13.01 13.01 300
ZCO 19991214 13.01 13.24 13.01 13.24 900
ZCO 19991215 13.24 13.24 13.24 13.24 500
ZCO 19991217 13.12 13.12 13.12 13.12 600
ZCO 19991220 13.35 13.35 13.35 13.35 200
ZCO 19991227 13.35 13.35 13.35 13.35 100
ZCO 19991228 13.35 13.35 13.35 13.35 1900
ZCO 19991229 13.24 13.24 13.24 13.24 1100
ZCO 20000103 13.12 13.12 13.12 13.12 1300
ZCO 20000105 13.01 13.01 13.01 13.01 700
ZCO 20000106 13.01 13.01 13.01 13.01 100
ZCO 20000110 13.01 13.24 13.01 13.24 500
ZCO 20000111 13.12 13.12 13.12 13.12 100
ZCO 20000112 13.01 13.01 13.01 13.01 100
ZCO 20000113 12.9 12.9 12.9 12.9 2500
ZCO 20000114 12.9 12.9 12.9 12.9 300
ZCO 20000118 12.9 13.24 12.9 13.24 700
ZCO 20000119 13.01 13.01 12.9 12.9 2000
ZCO 20000125 12.9 13.01 12.9 13.01 200
ZCO 20000126 13.24 13.24 13.24 13.24 1200
ZCO 20000127 13.24 13.24 13.24 13.24 100
ZCO 20000131 13.24 13.24 13.24 13.24 1000
ZCO 20000202 13.46 13.58 13.46 13.58 400
ZCO 20000204 13.58 13.58 13.58 13.58 300
ZCO 20000210 13.58 13.58 13.58 13.58 200
ZCO 20000211 13.91 13.91 13.91 13.91 600
ZCO 20000214 14.14 14.14 14.14 14.14 600
ZCO 20000215 14.14 14.47 14.14 14.47 1200
ZCO 20000216 14.7 14.7 14.7 14.7 2000
ZCO 20000218 14.59 14.7 14.59 14.7 1400
ZCO 20000222 14.92 14.92 14.92 14.92 200
ZCO 20000223 15.15 15.15 15.15 15.15 400
ZCO 20000225 15.15 15.37 15.15 15.37 4600
ZCO 20000228 15.6 15.71 15.6 15.71 3100
ZCO 20000229 15.71 15.71 15.71 15.71 600
ZCO 20000302 16.16 16.16 16.16 16.16 5100
ZCO 20000303 16.27 17.06 16.27 17.06 2700
ZCO 20000306 17.17 17.17 17.17 17.17 2400
ZCO 20000307 17.17 17.17 17.17 17.17 700
ZCO 20000308 17.17 17.39 17.06 17.39 5000
ZCO 20000309 17.39 17.84 17.39 17.84 1100
ZCO 20000310 18.18 18.51 18.18 18.51 1500
ZCO 20000313 18.63 18.85 18.51 18.85 2500
ZCO 20000314 18.74 18.74 17.95 17.95 1900
ZCO 20000316 17.73 17.73 17.73 17.73 1500
ZCO 20000317 17.84 17.84 17.62 17.62 600
ZCO 20000320 17.5 17.5 17.5 17.5 300
ZCO 20000322 17.5 17.5 17.5 17.5 17400
ZCO 20000323 17.39 17.39 17.39 17.39 1000
ZCO 20000328 17.39 17.39 17.39 17.39 1400
ZCO 20000329 17.39 17.39 17.39 17.39 1800
ZCO 20000330 17.17 17.17 17.17 17.17 500
ZCO 20000404 17.17 17.17 16.94 16.94 1800
ZCO 20000405 16.72 16.72 16.72 16.72 200
ZCO 20000406 16.49 16.49 16.49 16.49 2000
ZCO 20000407 16.49 16.49 16.49 16.49 400
ZCO 20000411 16.72 16.72 16.72 16.72 100
ZCO 20000413 16.49 16.49 16.49 16.49 300
ZCO 20000414 16.49 16.49 16.49 16.49 400
ZCO 20000424 16.72 16.72 16.49 16.49 2500
ZCO 20000501 16.39 16.61 16.39 16.61 200
ZCO 20000504 16.72 17.85 16.72 17.52 5500
ZCO 20000505 17.52 17.52 17.52 17.52 300
ZCO 20000510 17.29 17.29 17.29 17.29 500
ZCO 20000517 17.52 17.52 17.4 17.4 3300
ZCO 20000518 17.29 17.29 17.18 17.18 800
ZCO 20000522 17.23 17.23 17.06 17.06 300
ZCO 20000524 16.84 16.84 16.72 16.72 400
ZCO 20000525 16.5 16.5 16.5 16.5 200
ZCO 20000602 16.61 16.61 15.82 15.82 5000
ZCO 20000605 16.05 16.05 16.05 16.05 200
ZCO 20000615 15.82 15.82 15.82 15.82 100
ZCO 20000619 15.59 15.59 15.48 15.48 400
ZCO 20000623 15.37 15.37 15.37 15.37 200
ZCO 20000626 15.37 15.37 15.37 15.37 200
ZCO 20000627 15.14 15.14 15.03 15.03 500
ZCO 20000628 15.26 15.26 14.92 14.92 3900
ZCO 20000629 14.92 14.92 14.58 14.58 800
ZCO 20000630 14.35 14.35 14.13 14.13 700
ZCO 20000703 14.13 14.13 14.13 14.13 100
ZCO 20000710 14.13 14.13 14.01 14.01 300
ZCO 20000711 13.9 13.9 13.79 13.79 600
ZCO 20000714 13.67 13.67 13.67 13.67 100
ZCO 20000719 13.9 14.46 13.9 14.46 2000
ZCO 20000720 14.58 14.8 14.58 14.8 2000
ZCO 20000724 14.92 14.92 14.69 14.69 500
ZCO 20000727 14.47 14.47 14.35 14.35 400
ZCO 20000728 14.13 14.13 14.13 14.13 200
ZCO 20000731 13.9 14.13 13.9 14.13 500
ZCO 20000801 14.24 14.35 13.78 13.78 1400
ZCO 20000803 13.67 13.67 13.67 13.67 200
ZCO 20000807 13.67 13.67 13.67 13.67 300
ZCO 20000809 13.67 13.67 13.67 13.67 200
ZCO 20000814 13.9 13.9 13.9 13.9 300
ZCO 20000815 14.01 14.01 14.01 14.01 500
ZCO 20000817 14.01 14.13 14.01 14.13 1200
ZCO 20000818 14.35 14.35 14.35 14.35 500
ZCO 20000824 14.47 14.47 14.47 14.47 100
ZCO 20000825 14.58 14.81 14.58 14.81 900
ZCO 20000828 14.81 14.81 14.81 14.81 100
ZCO 20000830 14.7 14.7 14.7 14.7 400
ZCO 20000901 14.92 14.92 14.92 14.92 100
ZCO 20000905 14.81 14.81 14.7 14.7 1500
ZCO 20000906 14.81 14.81 14.81 14.81 200
ZCO 20000912 15.15 15.15 15.15 15.15 1600
ZCO 20000914 15.38 15.83 15.38 15.61 3300
ZCO 20000915 15.95 16.4 15.95 16.4 2100
ZCO 20000919 16.4 16.4 16.4 16.4 300
ZCO 20000921 16.52 16.52 16.52 16.52 200
ZCO 20000922 16.52 16.52 16.52 16.52 200
ZCO 20000925 16.52 16.52 16.52 16.52 300
ZCO 20000929 16.52 16.52 16.52 16.52 500
ZCO 20001002 16.52 16.52 16.52 16.52 1300
ZCO 20001006 16.52 16.52 16.52 16.52 2500
ZCO 20001011 16.86 17.09 16.86 16.97 2800
ZCO 20001012 17.2 17.2 17.2 17.2 500
ZCO 20001017 17.2 17.2 17.2 17.2 1900
ZCO 20001019 16.86 16.86 16.86 16.86 1600
ZCO 20001020 16.75 16.75 16.75 16.75 100
ZCO 20001023 16.52 16.52 16.52 16.52 1400
ZCO 20001030 16.58 16.58 16.58 16.58 100
ZCO 20001031 16.52 16.52 16.52 16.52 400
ZCO 20001103 16.47 16.47 16.35 16.35 2400
ZCO 20001107 16.29 16.29 16.29 16.29 200
ZCO 20001110 16.52 16.52 16.52 16.52 300
ZCO 20001113 16.41 16.41 16.41 16.41 100
ZCO 20001114 16.29 16.29 16.29 16.29 200
ZCO 20001122 16.18 16.18 16.18 16.18 200
ZCO 20001127 16.52 16.52 16.52 16.52 200
ZCO 20001201 16.29 16.29 16.29 16.29 300
ZCO 20001205 16.18 16.18 16.18 16.18 1000
ZCO 20001207 16.18 16.18 16.18 16.18 200
ZCO 20001208 16.18 16.18 16.18 16.18 700
ZCO 20001213 16.18 16.18 16.18 16.18 200
ZCO 20001214 16.06 16.06 16.06 16.06 600
ZCO 20001215 15.83 15.83 15.83 15.83 100
ZCO 20001218 15.95 15.95 15.95 15.95 100
ZCO 20001219 15.49 15.49 15.49 15.49 2400
ZCO 20001220 15.6 15.6 15.6 15.6 100
ZCO 20001221 15.83 16.06 15.83 16.06 1100
ZCO 20001222 15.83 15.83 15.83 15.83 200
ZCO 20001227 15.83 15.83 15.83 15.83 200
ZCO 20001228 15.6 15.6 15.38 15.38 1100
ZCO 20001229 15.15 15.15 15.15 15.15 200
ZCO 20010103 15.38 15.38 15.38 15.38 19400
ZCO 20010104 15.26 15.26 15.26 15.26 200
ZCO 20010117 15.26 15.26 15.26 15.26 600
ZCO 20010131 15.56 15.56 15.26 15.28 1500
ZCO 20010207 15.15 15.24 15.15 15.24 2200
ZCO 20010209 15.24 15.24 15.15 15.15 2500
ZCO 20010215 15.15 15.15 15.15 15.15 600
ZCO 20010221 15.05 15.05 14.87 14.87 200
ZCO 20010306 14.9 14.9 14.9 14.9 1500
ZCO 20010307 14.99 14.99 14.99 14.99 100
ZCO 20010312 14.81 14.81 14.81 14.81 1200
ZCO 20010315 14.71 14.71 14.71 14.71 2000
ZCO 20010319 14.69 14.69 14.44 14.44 1700
ZCO 20010320 14.25 14.25 14.25 14.25 200
ZCO 20010323 14.07 14.07 13.97 13.97 800
ZCO 20010326 13.88 13.88 13.74 13.74 1500
ZCO 20010402 13.65 13.65 13.65 13.65 400
ZCO 20010403 13.65 13.65 13.65 13.65 100
ZCO 20010406 13.65 13.65 13.65 13.65 100
ZCO 20010411 13.79 13.79 13.79 13.79 200
ZCO 20010412 13.69 13.69 13.69 13.69 500
ZCO 20010416 13.65 13.65 13.65 13.65 800
ZCO 20010418 13.65 13.65 13.65 13.65 200
ZCO 20010420 13.79 13.79 13.79 13.79 400
ZCO 20010430 13.88 13.88 13.88 13.88 100
ZCO 20010502 14.02 14.02 14.02 14.02 100
ZCO 20010504 14.09 14.09 14.09 14.09 400
ZCO 20010507 14.23 14.23 14.23 14.23 500
ZCO 20010509 14.09 14.09 13.53 14.09 7500
ZCO 20010514 14.14 14.14 14 14.14 2000
ZCO 20010516 14 14 14 14 1000
ZCO 20010518 14.14 14.14 14.14 14.14 200
ZCO 20010523 14.23 14.23 14.23 14.23 1200
ZCO 20010525 14.37 14.37 14.37 14.37 700
ZCO 20010601 14.37 14.37 14.37 14.37 600
ZCO 20010604 14.28 14.28 14.28 14.28 100
ZCO 20010608 14.47 14.47 14.47 14.47 500
ZCO 20010615 14.42 14.42 14.42 14.42 100
ZCO 20010618 14.56 14.56 14.56 14.56 500
ZCO 20010621 14.47 14.47 14.47 14.47 1000
ZCO 20010622 14.61 14.7 14.61 14.7 900
ZCO 20010628 14.61 14.61 14.61 14.61 100
ZCO 20010629 14.93 14.93 14.93 14.93 500
ZCO 20010702 14.7 14.7 14.7 14.7 500
ZCO 20010705 14.88 14.88 14.79 14.79 200
ZCO 20010710 14.89 14.89 14.7 14.7 1200
ZCO 20010711 14.61 14.61 14.47 14.47 1800
ZCO 20010712 14.37 14.37 14.37 14.37 100
ZCO 20010718 14.19 14.19 14.19 14.19 400
ZCO 20010719 14.37 14.47 14.37 14.47 800
ZCO 20010802 14.65 14.65 14.65 14.65 1000
ZCO 20010803 14.98 15.31 14.98 15.31 1300
ZCO 20010806 15.4 15.4 15.4 15.4 200
ZCO 20010807 15.54 15.54 15.54 15.54 200
ZCO 20010810 15.5 15.5 15.38 15.38 1000
ZCO 20010815 15.33 15.33 15.33 15.33 1300
ZCO 20010820 15.05 15.15 15.05 15.15 400
ZCO 20010821 15.05 15.05 15.05 15.05 600
ZCO 20010823 14.96 15.1 14.96 15.1 500
ZCO 20010827 14.96 14.96 14.96 14.96 100
ZCO 20010829 15.05 15.05 15.05 15.05 1000
ZCO 20010905 15.15 15.15 15.15 15.15 700
ZCO 20010907 14.86 14.86 14.86 14.86 500
ZCO 20010910 14.72 14.72 14.72 14.72 300
ZCO 20010918 14.58 14.77 14.58 14.77 600
ZCO 20010919 14.63 14.63 14.58 14.58 800
ZCO 20010921 14.3 14.3 14.11 14.12 4300
ZCO 20010926 13.97 14.11 13.97 14.11 1100
ZCO 20010927 14.16 14.38 14.11 14.16 1300
ZCO 20010928 14.39 14.63 14.39 14.63 2700
ZCO 20011004 14.58 14.58 14.58 14.58 100
ZCO 20011008 14.49 14.49 14.49 14.49 800
ZCO 20011011 14.3 14.3 14.11 14.11 1300
ZCO 20011016 14.3 14.3 14.3 14.3 500
ZCO 20011018 14.3 14.3 14.3 14.3 400
ZCO 20011022 14.11 14.11 14.11 14.11 200
ZCO 20011023 14.11 14.3 14.11 14.11 1200
ZCO 20011025 14.11 14.11 14.11 14.11 1000
ZCO 20011029 14.35 14.35 14.2 14.2 400
ZCO 20011030 14.11 14.11 14.11 14.11 1100
ZCO 20011101 14.53 14.53 14.39 14.39 500
ZCO 20011107 14.56 14.56 14.56 14.56 200
ZCO 20011108 14.71 14.71 14.71 14.71 200
ZCO 20011109 14.71 14.71 14.71 14.71 100
ZCO 20011113 14.71 14.71 14.71 14.71 700
ZCO 20011114 14.71 14.71 14.71 14.71 200
ZCO 20011119 14.52 14.52 14.52 14.52 300
ZCO 20011120 14.52 14.52 14.52 14.52 10000
ZCO 20011121 14.53 14.53 14.42 14.42 300
ZCO 20011123 14.47 14.47 14.47 14.47 100
ZCO 20011127 14.6 14.61 14.6 14.61 400
ZCO 20011128 14.52 14.52 14.47 14.47 1100
ZCO 20011129 14.47 14.85 14.47 14.85 1400
ZCO 20011204 14.99 14.99 14.9 14.9 500
ZCO 20011205 14.71 14.71 14.71 14.71 800
ZCO 20011218 14.56 14.71 14.56 14.71 1700
ZCO 20011219 14.8 14.8 14.8 14.8 100
ZCO 20011221 14.56 14.56 14.24 14.24 5300
ZCO 20011226 14.23 14.23 14.23 14.23 1900
ZCO 20011227 14.23 14.23 14.23 14.23 200
ZCO 20011228 14.23 14.23 14.23 14.23 400
ZCO 20011231 14.23 14.23 14.23 14.23 200
ZCO 20020104 14.42 14.42 14.28 14.28 500
ZCO 20020110 14.23 14.37 14.23 14.37 500
ZCO 20020111 14.25 14.25 14.25 14.25 300
ZCO 20020114 14.23 14.23 14.23 14.23 600
ZCO 20020118 14.42 14.42 14.42 14.42 100
ZCO 20020124 14.23 14.23 14.23 14.23 200
ZCO 20020201 14.23 14.23 14.23 14.23 200
ZCO 20020205 14.09 14.09 13.99 13.99 1000
ZCO 20020206 14.02 14.02 14.02 14.02 100
ZCO 20020211 13.88 13.88 13.88 13.88 200
ZCO 20020215 13.78 13.78 13.78 13.78 100
ZCO 20020219 13.88 13.88 13.88 13.88 100
ZCO 20020221 13.88 13.88 13.88 13.88 700
ZCO 20020226 14.02 14.02 14.02 14.02 300
ZCO 20020227 14.16 14.16 14.16 14.16 100
ZCO 20020228 13.88 13.88 13.88 13.88 200
ZCO 20020301 13.74 13.74 13.74 13.74 200
ZCO 20020304 13.69 13.69 13.59 13.59 1000
ZCO 20020305 13.45 13.45 13.45 13.45 200
ZCO 20020306 13.4 13.4 13.4 13.4 100
ZCO 20020307 13.4 13.4 13.4 13.4 500
ZCO 20020308 13.4 13.4 13.4 13.4 2700
ZCO 20020312 13.3 13.4 13.3 13.35 900
ZCO 20020313 13.35 13.35 13.35 13.35 6000
ZCO 20020314 13.4 13.4 13.4 13.4 100
ZCO 20020321 13.59 13.59 13.59 13.59 200
ZCO 20020322 13.4 13.45 13.4 13.45 400
ZCO 20020326 13.4 13.4 13.4 13.4 100
ZCO 20020327 13.4 13.4 13.4 13.4 800
ZCO 20020328 13.4 13.4 13.4 13.4 1000
ZCO 20020401 13.4 13.45 13.4 13.45 800
ZCO 20020402 13.45 13.45 13.45 13.45 1600
ZCO 20020403 13.45 13.5 13.45 13.5 300
ZCO 20020404 13.69 13.69 13.69 13.69 1000
ZCO 20020405 13.59 13.59 13.59 13.59 500
ZCO 20020408 13.78 13.97 13.78 13.97 1100
ZCO 20020412 13.88 13.88 13.88 13.88 100
ZCO 20020430 14.07 14.17 14.07 14.17 1600
ZCO 20020501 14.36 14.36 14.17 14.36 2100
ZCO 20020502 14.26 14.26 14.26 14.26 100
ZCO 20020503 14.36 14.36 14.36 14.36 100
ZCO 20020506 14.55 14.55 14.55 14.55 700
ZCO 20020507 14.45 14.74 14.45 14.74 700
ZCO 20020516 14.72 14.72 14.72 14.72 100
ZCO 20020517 14.62 14.62 14.62 14.62 100
ZCO 20020520 14.53 14.53 14.53 14.53 1000
ZCO 20020529 14.58 14.58 14.58 14.58 200
ZCO 20020530 14.58 14.58 14.58 14.58 200
ZCO 20020606 14.77 14.85 14.77 14.85 1300
ZCO 20020607 14.87 14.87 14.77 14.77 2400
ZCO 20020610 14.67 14.67 14.67 14.67 1000
ZCO 20020612 14.58 14.58 14.58 14.58 100
ZCO 20020614 14.49 14.58 14.49 14.58 300
ZCO 20020617 14.72 14.72 14.72 14.72 1400
ZCO 20020619 14.48 14.62 14.48 14.62 4600
ZCO 20020624 14.48 14.48 14.48 14.48 600
ZCO 20020628 14.48 14.48 14.48 14.48 1000
ZCO 20020703 14.72 14.82 14.72 14.82 1000
ZCO 20020708 14.48 14.48 14.48 14.48 1000
ZCO 20020709 14.62 14.62 14.48 14.56 500
ZCO 20020710 14.67 14.67 14.67 14.67 300
ZCO 20020711 14.58 14.58 14.58 14.58 100
ZCO 20020716 14.48 14.48 14.48 14.48 2300
ZCO 20020722 14.72 14.72 14.58 14.58 200
ZCO 20020723 14.48 14.48 14.38 14.38 700
ZCO 20020724 14.19 14.29 14.05 14.19 2100
ZCO 20020725 14 14 14 14 500
ZCO 20020726 14 14 14 14 300
ZCO 20020730 13.9 13.9 13.9 13.9 400
ZCO 20020731 13.8 13.8 13.61 13.61 1000
ZCO 20020801 13.51 13.51 13.51 13.51 200
ZCO 20020806 13.51 13.51 13.51 13.51 100
ZCO 20020809 13.51 14.09 13.51 13.8 6200
ZCO 20020816 14.13 14.13 14.13 14.13 200
ZCO 20020820 14.42 14.65 14.42 14.42 1300
ZCO 20020822 14.32 14.42 14.22 14.42 600
ZCO 20020826 14.42 14.42 14.42 14.42 1200
ZCO 20020828 14.42 14.56 14.42 14.56 1600
ZCO 20020904 14.42 14.42 14.42 14.42 1100
ZCO 20020905 14.27 14.27 14.27 14.27 200
ZCO 20020909 14.47 14.71 14.47 14.71 1000
ZCO 20020910 14.61 14.61 14.61 14.61 100
ZCO 20020917 14.56 14.56 14.47 14.47 1000
ZCO 20020923 14.66 14.66 14.61 14.61 5200
ZCO 20020924 14.61 14.61 14.61 14.61 1000
ZCO 20020925 14.61 14.86 14.61 14.86 700
ZCO 20020926 14.76 14.76 14.76 14.76 300
ZCO 20021002 14.81 14.81 14.81 14.81 400
ZCO 20021004 14.81 14.86 14.81 14.86 2000
ZCO 20021007 15 15 15 15 200
ZCO 20021010 14.81 14.81 14.81 14.81 400
ZCO 20021011 14.61 14.61 14.61 14.61 500
ZCO 20021015 14.81 14.81 14.81 14.81 200
ZCO 20021016 15 15.2 15 15.2 400
ZCO 20021017 15 15 15 15 200
ZCO 20021021 14.86 14.86 14.86 14.86 100
ZCO 20021029 14.86 14.86 14.86 14.86 200
ZCO 20021030 14.71 14.71 14.71 14.71 200
ZCO 20021105 14.81 14.89 14.81 14.89 300
ZCO 20021106 14.89 14.89 14.89 14.89 100
ZCO 20021111 14.74 14.74 14.61 14.61 2000
ZCO 20021112 14.74 14.74 14.74 14.74 100
ZCO 20021114 14.98 14.98 14.98 14.98 600
ZCO 20021120 15 15 14.84 14.84 200
ZCO 20021125 14.64 14.64 14.64 14.64 100
ZCO 20021127 14.49 14.49 14.49 14.49 2000
ZCO 20021129 14.49 14.49 14.49 14.49 3000
ZCO 20021203 14.49 14.49 14.49 14.49 4000
ZCO 20021205 14.44 14.44 14.39 14.39 700
ZCO 20021206 14.35 14.39 14.25 14.39 1100
ZCO 20021210 14.25 14.25 14.25 14.25 300
ZCO 20021216 14.15 14.25 14.15 14.25 700
ZCO 20021217 14.25 14.25 14.25 14.25 300
ZCO 20021223 14.15 14.15 14.15 14.15 100
ZCO 20021226 14.3 14.3 14.1 14.25 1000
ZCO 20021230 14.25 14.25 14.1 14.1 1000
ZCO 20021231 14.15 14.15 14.15 14.15 300
ZCO 20030103 14.25 14.25 14.25 14.25 200
ZCO 20030107 14.38 14.38 14.38 14.38 100
ZCO 20030108 14.1 14.25 14.1 14.25 1500
ZCO 20030109 14.39 14.39 14.39 14.39 100
ZCO 20030110 14.54 14.62 14.54 14.62 1400
ZCO 20030116 14.39 14.39 14.05 14.05 5000
ZCO 20030117 14.2 14.2 14.2 14.2 100
ZCO 20030131 14.2 14.2 14.2 14.2 7300
ZCO 20030203 14.15 14.15 14.15 14.15 100
ZCO 20030206 14.15 14.15 14.15 14.15 100
ZCO 20030210 14.33 14.33 14.33 14.33 200
ZCO 20030213 14.48 14.48 14.48 14.48 100
ZCO 20030214 14.68 14.68 14.68 14.68 100
ZCO 20030218 14.38 14.48 14.38 14.48 600
ZCO 20030221 14.38 14.38 14.38 14.38 100
ZCO 20030227 14.48 14.48 14.38 14.38 5800
ZCO 20030228 14.33 14.33 14.23 14.23 400
ZCO 20030305 14.23 14.23 14.23 14.23 100
ZCO 20030306 14.23 14.23 14.18 14.18 500
ZCO 20030307 14.28 14.48 14.28 14.48 500
ZCO 20030310 14.48 14.48 14.48 14.48 200
ZCO 20030313 14.38 14.38 14.38 14.38 6500
ZCO 20030320 14.38 14.38 14.38 14.38 600
ZCO 20030331 14.58 14.58 14.58 14.58 300
ZCO 20030409 14.67 14.87 14.67 14.87 500
ZCO 20030410 14.87 14.87 14.87 14.87 1000
ZCO 20030411 14.88 14.88 14.88 14.88 200
ZCO 20030414 14.77 14.77 14.77 14.77 100
ZCO 20030415 14.87 14.87 14.87 14.87 300
ZCO 20030417 14.97 14.97 14.97 14.97 100
ZCO 20030421 15.07 15.07 15.07 15.07 100
ZCO 20030424 15.26 15.27 15.26 15.27 200
ZCO 20030425 15.17 15.17 15.17 15.17 200
ZCO 20030428 15.07 15.07 15.07 15.07 300
ZCO 20030430 15.17 15.17 15.17 15.17 100
ZCO 20030501 15.3 15.3 15.3 15.3 200
ZCO 20030502 15.15 15.15 15.15 15.15 200
ZCO 20030508 15.3 15.3 15.3 15.3 200
ZCO 20030513 15.3 15.3 15.3 15.3 100
ZCO 20030519 15.5 15.5 15.5 15.5 100
ZCO 20030522 15.35 15.35 15.35 15.35 100
ZCO 20030523 15.4 15.4 15.4 15.4 100
ZCO 20030527 15.35 15.35 15.35 15.35 100
ZCO 20030528 15.2 15.2 15.2 15.2 200
ZCO 20030529 15.2 15.2 15.2 15.2 1000
ZCO 20030602 15.4 15.45 15.4 15.45 3200
ZCO 20030603 15.5 15.5 15.5 15.5 100
ZCO 20030605 15.5 15.5 15.45 15.45 1800
ZCO 20030606 15.45 15.45 15.45 15.45 200
ZCO 20030609 15.5 15.5 15.5 15.5 1000
ZCO 20030610 15.5 15.5 15.5 15.5 200
ZCO 20030616 15.45 15.45 15.45 15.45 300
ZCO 20030617 15.45 15.45 15.45 15.45 300
ZCO 20030618 15.25 15.25 14.8 14.8 2000