AAC 20000223 18.5 18.75 18.5 18.5 61100
AAC 20000629 8.06 8.12 7.5 7.62 43500
AAC 20000630 7 8.12 7 8 903100
AAC 20000703 8.5 8.5 8.25 8.5 69500
AAC 20000705 8.75 9 8.69 8.75 34100
AAC 20000706 8.75 9 8.75 8.88 35500
AAC 20000707 8.75 8.94 8.75 8.75 5300
AAC 20000710 8.75 8.75 8.62 8.62 4700
AAC 20000711 8.62 8.62 8.5 8.56 10600
AAC 20000712 8.56 8.56 8.5 8.5 11600
AAC 20000713 8.5 8.5 8.44 8.44 4300
AAC 20000714 8.5 8.62 8.5 8.5 46500
AAC 20000717 8.75 9.5 8.62 9.12 156500
AAC 20000718 9 9 8.88 8.88 2600
AAC 20000719 8.88 8.88 8.62 8.69 21400
AAC 20000720 8.69 8.88 8.69 8.69 4200
AAC 20000721 8.62 8.62 8.62 8.62 2000
AAC 20000724 8.62 8.62 8.5 8.56 14600
AAC 20000725 8.5 8.56 8.5 8.56 8200
AAC 20000726 8.5 8.5 8.5 8.5 3700
AAC 20000727 8.5 8.5 8.5 8.5 10900
AAC 20000728 8.62 9 8.62 8.62 45800
AAC 20000731 8.5 8.75 8.5 8.75 9700
AAC 20000801 8.5 8.75 8.38 8.75 11000
AAC 20000802 8.62 8.62 8.44 8.44 11200
AAC 20000803 8.38 8.38 8.25 8.25 5900
AAC 20000804 8.12 8.12 8.06 8.12 9700
AAC 20000807 8.19 8.19 8 8 18100
AAC 20000808 7.75 7.88 7.75 7.81 13200
AAC 20000809 7.69 7.69 7.62 7.62 11300
AAC 20000811 7.62 7.62 7.62 7.62 100
AAC 20000814 7.75 7.88 7.75 7.75 9700
AAC 20000815 7.75 8 7.75 7.94 12600
AAC 20000816 7.69 8 7.69 7.75 3100
AAC 20000817 7.75 7.75 7.75 7.75 1500
AAC 20000818 7.75 7.75 7.75 7.75 16700
AAC 20000821 7.62 7.69 7.62 7.69 2100
AAC 20000822 7.56 7.69 7.56 7.69 2800
AAC 20000823 7.62 7.62 7.62 7.62 2600
AAC 20000824 7.62 7.62 7 7.06 66400
AAC 20000825 7 7.75 7 7.69 55100
AAC 20000828 7.44 7.44 7.44 7.44 800
AAC 20000829 7.25 7.5 7.25 7.31 3900
AAC 20000830 7.38 7.38 7.12 7.12 2800
AAC 20000831 7.12 7.12 6.75 6.94 6500
AAC 20000901 6.69 6.69 6.5 6.5 7500
AAC 20000905 6.5 6.5 6.25 6.25 16500
AAC 20000906 6.25 6.25 5.31 6 38000
AAC 20000907 6 6.25 5.75 5.75 25600
AAC 20000908 5.5 5.5 5.12 5.19 37500
AAC 20000911 5.06 5.06 4.38 4.38 28900
AAC 20000912 4.25 4.25 4.12 4.12 5300
AAC 20000913 4.12 4.12 3.62 3.75 27500
AAC 20000914 3.88 4 3.88 4 9600
AAC 20000915 4.12 4.56 4.12 4.56 1900
AAC 20000918 4.5 4.75 4.5 4.69 5000
AAC 20000919 4.56 5 4.56 5 7800
AAC 20000920 5 5 4.5 4.5 6700
AAC 20000921 4.56 4.56 4.5 4.5 2400
AAC 20000925 4.75 4.75 4.75 4.75 700
AAC 20000926 4.62 4.62 4.5 4.5 2400
AAC 20000928 4.5 4.5 4.5 4.5 13400
AAC 20001004 4.75 4.75 4.5 4.62 5000
AAC 20001005 4.5 4.5 4.5 4.5 1000
AAC 20001009 4.5 4.5 4.5 4.5 100
AAC 20001010 4.38 4.38 4.12 4.25 7200
AAC 20001011 4.25 4.25 4.25 4.25 200
AAC 20001012 4.12 4.12 4 4 500
AAC 20001013 3.88 3.88 3.5 3.62 7800
AAC 20001016 3.69 3.75 3.5 3.75 4700
AAC 20001017 3.88 3.88 3.5 3.88 3000
AAC 20001019 3.94 3.94 3.75 3.75 1300
AAC 20001020 3.81 3.88 3.81 3.88 2200
AAC 20001024 4 4 4 4 1000
AAC 20001025 3.88 3.88 3.88 3.88 200
AAC 20001026 3.75 3.88 3.75 3.75 2200
AAC 20001030 3.88 3.88 3.62 3.88 2000
AAC 20001031 3.75 4 3.75 4 3200
AAC 20001101 4 4 4 4 600
AAC 20001102 4 4.38 4 4.06 67200
AAC 20001103 4 4 4 4 2500
AAC 20001106 4.06 4.06 4.06 4.06 500
AAC 20001107 4.06 4.06 4.06 4.06 100
AAC 20001108 4.12 4.19 4.12 4.19 3000
AAC 20001109 4.12 4.12 4 4.12 3000
AAC 20001110 4.12 4.25 4.12 4.25 1200
AAC 20001113 4.19 4.19 4.12 4.12 12500
AAC 20001114 4.12 4.25 4 4 36400
AAC 20001115 4.12 4.25 4 4.06 22500
AAC 20001116 4.06 4.19 4.06 4.12 2600
AAC 20001117 4.25 4.25 4 4 14800
AAC 20001120 4.06 4.06 3.75 3.75 39500
AAC 20001121 3.94 4 3.69 3.81 10200
AAC 20001122 3.69 3.69 2.88 2.88 10000
AAC 20001124 3.12 3.38 3.12 3.25 30800
AAC 20001127 3.25 3.75 3.25 3.62 8200
AAC 20001128 3.75 4 3.62 3.62 22200
AAC 20001129 3.56 3.88 3.5 3.88 19800
AAC 20001130 3.75 3.75 3.5 3.5 12500
AAC 20001201 3.38 3.38 3.19 3.19 22700
AAC 20001204 3.31 3.56 3.31 3.56 3700
AAC 20001205 3.44 3.88 3.44 3.62 18200
AAC 20001206 3.56 3.75 3.56 3.75 300
AAC 20001207 3.88 4 3.88 4 9300
AAC 20001208 4 4 3.75 3.81 3200
AAC 20001211 3.94 4.12 3.88 4 12700
AAC 20001212 4 4.31 4 4.31 8000
AAC 20001213 4.44 4.5 4.25 4.25 8100
AAC 20001214 4.38 4.38 4 4 5800
AAC 20001215 4 4 4 4 2800
AAC 20001218 4 4 3.62 3.94 12000
AAC 20001219 4.25 4.25 3.75 3.75 9000
AAC 20001220 3.5 3.75 3.25 3.38 19600
AAC 20001221 3.38 3.38 3.38 3.38 300
AAC 20001222 3.38 3.88 3.25 3.88 235700
AAC 20001226 3.75 3.75 3.5 3.62 2700
AAC 20001228 3.5 3.75 3.38 3.5 6200
AAC 20001229 3.38 4.06 3.31 3.5 19400
AAC 20010102 3.56 3.69 3.56 3.69 500
AAC 20010103 3.5 4 3.5 4 16500
AAC 20010104 3.75 4.25 3.75 3.88 13300
AAC 20010105 4.12 4.19 3.88 3.88 11800
AAC 20010108 3.75 3.75 3.5 3.5 1900
AAC 20010109 3.38 3.56 3.38 3.5 8900
AAC 20010110 3.38 3.38 3.38 3.38 500
AAC 20010111 3.38 3.38 3.25 3.25 4900
AAC 20010112 3.25 3.25 3.25 3.25 5000
AAC 20010116 3.38 3.75 3.38 3.62 9400
AAC 20010117 4 4.12 3.88 4 11100
AAC 20010118 3.88 3.88 3.5 3.5 2100
AAC 20010119 3.56 4 3.56 3.88 3500
AAC 20010122 4 4 3.75 3.75 3100
AAC 20010123 3.56 3.56 3.5 3.5 2000
AAC 20010124 3.81 3.94 3.81 3.88 2500
AAC 20010125 4 4 3.88 3.88 6500
AAC 20010126 4 4.25 4 4.12 21300
AAC 20010129 4.1 4.13 4.1 4.1 900
AAC 20010131 4 4.1 4 4.1 124800
AAC 20010201 4.1 4.1 4.1 4.1 200
AAC 20010202 4 4 4 4 5000
AAC 20010205 4 4.15 4 4.15 14000
AAC 20010206 4 4.3 3.89 4.3 60000
AAC 20010207 4.3 4.4 4.24 4.24 5500
AAC 20010208 4.3 4.3 4.21 4.21 1400
AAC 20010209 4.12 4.13 4.11 4.13 2900
AAC 20010212 4 4 3.91 3.91 2200
AAC 20010213 3.98 3.98 3.85 3.85 5800
AAC 20010215 3.9 4.1 3.9 4 7000
AAC 20010216 3.9 4 3.85 4 4400
AAC 20010220 4.15 4.15 3.8 3.8 17000
AAC 20010222 3.75 3.75 3.75 3.75 300
AAC 20010223 3.85 4 3.75 3.75 6500
AAC 20010226 4 4 3.9 3.9 7500
AAC 20010227 3.95 4.05 3.8 3.8 4300
AAC 20010228 3.8 3.8 3.75 3.75 7400
AAC 20010302 3.8 3.8 3.75 3.75 3100
AAC 20010305 3.75 3.75 3.4 3.4 22900
AAC 20010306 3.5 3.5 3.45 3.45 800
AAC 20010308 3.41 3.41 3.4 3.4 1400
AAC 20010312 3.35 3.39 3.35 3.39 2200
AAC 20010314 3.27 3.75 3.27 3.65 4400
AAC 20010315 3.5 3.5 3.5 3.5 700
AAC 20010316 3.4 3.4 3.4 3.4 500
AAC 20010319 3.25 4 3.25 3.5 14200
AAC 20010321 3.3 3.3 3.25 3.25 15900
AAC 20010322 3 3.15 3 3.15 4100
AAC 20010323 3 3.01 3 3.01 14800
AAC 20010326 3.1 3.25 3.05 3.05 7700
AAC 20010327 3 3.25 3 3.13 5300
AAC 20010328 3 3.1 3 3.1 900
AAC 20010329 3.2 3.2 3.2 3.2 1600
AAC 20010330 3.1 3.2 3 3.1 15000
AAC 20010402 3 3.05 3 3.05 2700
AAC 20010403 3 3 3 3 1000
AAC 20010404 2.9 2.9 2.9 2.9 1000
AAC 20010405 2.9 2.9 2.65 2.65 6200
AAC 20010406 2.75 2.75 2.75 2.75 500
AAC 20010409 2.75 2.9 2.75 2.85 4500
AAC 20010410 3 3 2.9 2.9 7000
AAC 20010411 3 3 2.8 2.8 3400
AAC 20010412 2.75 2.85 2.6 2.75 18000
AAC 20010416 2.85 2.85 2.85 2.85 500
AAC 20010417 2.65 2.65 2.65 2.65 500
AAC 20010418 2.65 2.85 2.55 2.75 5300
AAC 20010419 2.6 2.6 2.5 2.55 3900
AAC 20010423 2.51 2.51 2.51 2.51 200
AAC 20010424 2.5 2.5 2.25 2.25 1800
AAC 20010425 2.25 2.25 1.65 1.9 26900
AAC 20010426 2 2.5 2 2.41 13600
AAC 20010501 2.1 2.1 2.1 2.1 2500
AAC 20010502 1.95 2.1 1.7 1.73 8100
AAC 20010503 1.85 1.98 1.85 1.98 6800
AAC 20010504 2 2 1.9 1.9 4800
AAC 20010507 1.85 1.9 1.7 1.75 1600
AAC 20010508 1.61 1.7 1.61 1.7 500
AAC 20010509 1.55 1.65 1.55 1.65 2600
AAC 20010510 1.7 1.7 1.6 1.6 25000
AAC 20010514 1.7 1.7 1.7 1.7 1000
AAC 20010515 1.85 1.95 1.8 1.8 9000
AAC 20010516 1.8 1.8 1.8 1.8 3000
AAC 20010517 1.8 1.8 1.8 1.8 4300
AAC 20010518 1.9 1.9 1.8 1.8 2400
AAC 20010521 1.7 1.7 1.45 1.5 9000
AAC 20010522 1.4 1.4 1.4 1.4 800
AAC 20010523 1.3 1.5 1.3 1.5 2700
AAC 20010525 1.6 1.75 1.6 1.6 3100
AAC 20010529 1.8 1.95 1.7 1.7 13000
AAC 20010530 1.75 1.75 1.7 1.7 8200
AAC 20010601 1.8 2.05 1.7 1.9 58500
AAC 20010604 1.85 1.95 1.8 1.8 1700
AAC 20010605 1.7 1.7 1.7 1.7 700
AAC 20010607 1.6 1.6 1.6 1.6 3100
AAC 20010608 1.7 1.95 1.7 1.8 5100
AAC 20010611 1.9 1.93 1.85 1.85 6600
AAC 20010612 1.8 1.8 1.8 1.8 4000
AAC 20010613 1.85 1.85 1.8 1.8 12900
AAC 20010618 1.7 1.7 1.65 1.7 4200
AAC 20010619 1.55 1.6 1.55 1.55 3600
AAC 20010620 1.65 1.8 1.65 1.75 4800
AAC 20010621 1.75 1.75 1.75 1.75 2500
AAC 20010622 1.6 1.6 1.6 1.6 800
AAC 20010625 1.65 1.65 1.65 1.65 200
AAC 20010626 1.6 1.6 1.5 1.5 2300
AAC 20010629 1.55 1.55 1.55 1.55 200
AAC 20010702 1.46 1.46 1.46 1.46 100
AAC 20010706 1.55 1.55 1.55 1.55 100
AAC 20010709 1.5 1.5 1.45 1.45 1400
AAC 20010710 1.4 1.4 1.25 1.25 6500
AAC 20010712 1.25 1.25 1.25 1.25 100
AAC 20010716 1.25 1.25 1.25 1.25 2000
AAC 20010719 1.2 1.2 1.2 1.2 3000
AAC 20010724 1.2 1.2 1.15 1.15 2300
AAC 20010725 1.1 1.8 1.1 1.15 44900
AAC 20010726 1.25 1.25 1.25 1.25 700
AAC 20010727 1.25 1.25 1.25 1.25 1300
AAC 20010730 1.15 1.25 1.15 1.25 1100
AAC 20010731 1.2 1.24 1.2 1.24 1100
AAC 20010801 1.15 1.15 1.15 1.15 600
AAC 20010802 1.3 1.8 1.3 1.7 17000
AAC 20010803 1.7 1.9 1.7 1.75 12100
AAC 20010806 1.75 1.75 1.75 1.75 2100
AAC 20010807 1.75 1.95 1.75 1.8 19700
AAC 20010808 2 2.05 1.9 2.05 29900
AAC 20010809 2.15 2.25 2.15 2.15 20800
AAC 20010810 2.1 2.15 2.05 2.15 36500
AAC 20010813 2.16 2.2 2.05 2.05 3300
AAC 20010814 2.05 2.05 2.05 2.05 200
AAC 20010815 2.1 2.1 2.1 2.1 200
AAC 20010822 2 2.05 2 2 2800
AAC 20010823 1.95 1.95 1.9 1.9 900
AAC 20010824 2 2.1 1.95 2.05 6800
AAC 20010827 2.05 2.12 2.05 2.12 3600
AAC 20010828 2.15 2.15 2.1 2.1 300
AAC 20010829 2.1 2.15 2.1 2.15 1000
AAC 20010831 2.15 2.16 2.15 2.16 1800
AAC 20010904 2.15 2.2 2.1 2.15 4200
AAC 20010905 2.15 2.15 2 2 7900
AAC 20010906 2.05 2.05 2.05 2.05 700
AAC 20010907 2.05 2.05 2.05 2.05 400
AAC 20010910 2.05 2.05 2.05 2.05 1000
AAC 20010917 2 2 2 2 1000
AAC 20010918 1.9 1.99 1.9 1.94 10800
AAC 20010919 1.8 1.95 1.8 1.85 14700
AAC 20010920 1.75 1.75 1.5 1.5 7500
AAC 20010921 1.4 1.4 1.3 1.35 13600
AAC 20010924 1.1 1.45 0.95 1.3 36500
AAC 20010925 1.2 1.5 1.2 1.35 37700
AAC 20010926 1.25 1.35 1.25 1.27 12200
AAC 20010927 1.23 1.29 1.23 1.29 8000
AAC 20010928 1.28 1.85 1.28 1.6 24500
AAC 20011001 1.6 1.65 1.5 1.55 2600
AAC 20011002 1.59 1.68 1.59 1.68 5300
AAC 20011003 1.7 1.7 1.61 1.69 2400
AAC 20011004 1.6 1.65 1.6 1.65 1000
AAC 20011005 1.55 1.55 1.55 1.55 1500
AAC 20011008 1.5 1.5 1.35 1.35 6500
AAC 20011009 1.64 1.64 1.5 1.59 13200
AAC 20011010 1.5 1.54 1.29 1.45 302600
AAC 20011011 1.5 1.65 1.5 1.5 38600
AAC 20011012 1.55 1.66 1.45 1.65 86900
AAC 20011015 1.75 2 1.47 1.58 958500
AAC 20011016 1.6 1.62 1.5 1.5 13100
AAC 20011017 1.5 1.6 1.49 1.5 122200
AAC 20011018 1.6 1.6 1.4 1.5 5900
AAC 20011019 1.4 1.42 1.35 1.35 3100
AAC 20011022 1.4 1.6 1.4 1.5 79100
AAC 20011023 1.4 1.5 1.1 1.35 275000
AAC 20011024 1.35 1.4 1.3 1.4 3500
AAC 20011025 1.45 1.45 1.35 1.36 11500
AAC 20011026 1.3 1.33 1.3 1.33 4000
AAC 20011029 1.3 1.3 1.2 1.2 14000
AAC 20011030 1.11 1.34 1.11 1.34 8000
AAC 20011031 1.2 1.3 1.15 1.2 43600
AAC 20011102 1.3 1.3 1.2 1.21 54000
AAC 20011105 1.2 1.22 1.15 1.15 2600
AAC 20011106 1.14 1.15 1.1 1.15 6500
AAC 20011107 1.14 1.14 1 1.13 7700
AAC 20011109 1.1 1.14 1.1 1.14 5800
AAC 20011112 1.14 1.14 1 1 21000
AAC 20011113 1 1 1 1 32400
AAC 20011114 1.05 1.25 1.05 1.1 10000
AAC 20011115 1.01 1.06 0.74 1.01 1922500
AAC 20011116 1.01 1.01 1 1 4000
AAC 20011119 0.9 1.04 0.9 1 13200
AAC 20011120 1 1.04 0.96 1 25300
AAC 20011121 1.03 1.03 0.95 1.03 3400
AAC 20011123 0.95 1.05 0.95 1 7800
AAC 20011126 1.04 1.04 0.91 0.92 6900
AAC 20011127 0.7 0.9 0.7 0.85 17000
AAC 20011128 0.8 0.85 0.71 0.75 33300
AAC 20011129 0.75 0.95 0.75 0.9 82400
AAC 20011130 0.9 1.03 0.9 1 68500
AAC 20011203 0.9 1.1 0.9 1 85400
AAC 20011204 1.05 1.07 0.95 1.07 7800
AAC 20011205 1 1.02 0.85 1.02 7700
AAC 20011206 1.04 1.04 0.89 0.9 38000
AAC 20011207 0.81 0.85 0.81 0.85 1100
AAC 20011210 0.81 0.83 0.65 0.75 20900
AAC 20011211 0.85 0.95 0.85 0.95 4000
AAC 20011212 0.9 0.95 0.85 0.89 23600
AAC 20011213 0.9 0.9 0.7 0.72 223400
AAC 20011214 0.83 0.85 0.83 0.85 4000
AAC 20011217 0.85 0.93 0.7 0.8 21500
AAC 20011218 0.72 0.76 0.72 0.76 4300
AAC 20011219 0.7 0.8 0.7 0.8 98600
AAC 20011220 0.7 0.8 0.7 0.8 9200
AAC 20011221 0.7 0.73 0.7 0.7 26500
AAC 20011224 0.7 0.7 0.7 0.7 10100
AAC 20011226 0.7 0.79 0.7 0.7 33700
AAC 20011227 0.7 0.9 0.7 0.85 143900
AAC 20011228 0.8 0.84 0.74 0.84 72200
AAC 20011231 0.75 0.76 0.72 0.76 7400
AAC 20020102 0.71 0.72 0.71 0.72 16000
AAC 20020103 0.7 0.7 0.7 0.7 14400
AAC 20020104 0.65 0.75 0.65 0.7 32400
AAC 20020107 0.7 0.74 0.65 0.65 119100
AAC 20020108 0.74 0.81 0.71 0.74 63800
AAC 20020109 0.7 0.8 0.7 0.77 44800
AAC 20020110 0.71 0.77 0.68 0.77 18500
AAC 20020111 0.75 0.8 0.75 0.8 13600
AAC 20020114 0.75 0.8 0.71 0.75 36600
AAC 20020115 0.75 0.8 0.75 0.8 31500
AAC 20020116 0.71 0.74 0.71 0.74 3600
AAC 20020117 0.72 0.8 0.72 0.76 49900
AAC 20020118 0.8 0.9 0.75 0.8 24900
AAC 20020122 0.8 0.8 0.76 0.76 10400
AAC 20020123 0.77 0.77 0.77 0.77 12500
AAC 20020124 0.8 0.8 0.65 0.65 36100
AAC 20020125 0.55 0.56 0.45 0.49 44900
AAC 20020128 0.49 0.55 0.49 0.55 4400
AAC 20020129 0.55 0.61 0.55 0.61 34500
AAC 20020130 0.59 0.66 0.59 0.6 31900
AAC 20020131 0.6 0.7 0.6 0.7 40000
AAC 20020201 0.6 0.7 0.6 0.68 34900
AAC 20020204 0.7 0.76 0.7 0.73 62200
AAC 20020205 0.72 0.76 0.7 0.72 216200
AAC 20020206 0.71 0.75 0.7 0.7 55400
AAC 20020207 0.66 0.72 0.66 0.7 4300
AAC 20020208 0.7 0.73 0.7 0.73 8000
AAC 20020211 0.72 0.75 0.65 0.74 45800
AAC 20020212 0.7 0.7 0.64 0.7 362500
AAC 20020213 0.65 0.7 0.41 0.7 134300
AAC 20020214 0.6 0.73 0.55 0.71 443100
AAC 20020215 0.7 0.71 0.6 0.7 353000
AAC 20020219 0.61 0.69 0.6 0.69 31700
AAC 20020220 0.61 0.61 0.56 0.61 21600
AAC 20020221 0.63 0.63 0.56 0.62 20800
AAC 20020222 0.56 0.56 0.52 0.54 123600
AAC 20020225 0.51 0.58 0.45 0.5 22200
AAC 20020226 0.47 0.55 0.47 0.5 5200
AAC 20020227 0.57 0.64 0.5 0.58 38600
AAC 20020228 0.5 0.54 0.49 0.54 261000
AAC 20020301 0.55 0.55 0.5 0.5 5300
AAC 20020304 0.47 0.5 0.47 0.5 16100
AAC 20020305 0.53 0.54 0.5 0.54 12400
AAC 20020307 0.53 0.53 0.46 0.51 14700
AAC 20020308 0.51 0.51 0.46 0.51 13400
AAC 20020311 0.48 0.49 0.41 0.49 12000
AAC 20020312 0.49 0.49 0.43 0.49 500
AAC 20020313 0.45 0.49 0.45 0.49 1400
AAC 20020314 0.48 0.5 0.48 0.5 26400
AAC 20020315 0.45 0.51 0.45 0.51 10000
AAC 20020318 0.49 0.49 0.49 0.49 15000
AAC 20020319 0.47 0.5 0.42 0.49 12500
AAC 20020320 0.42 0.55 0.4 0.54 176600
AAC 20020321 0.48 0.54 0.45 0.5 247300
AAC 20020322 0.46 0.5 0.44 0.45 712200
AAC 20020325 0.44 0.54 0.44 0.53 59800
AAC 20020326 0.53 0.54 0.45 0.5 37400
AAC 20020327 0.5 0.5 0.4 0.49 23600
AAC 20020328 0.42 0.53 0.42 0.52 28900
AAC 20020401 0.5 0.51 0.45 0.49 57600
AAC 20020402 0.5 0.52 0.5 0.52 15000
AAC 20020403 0.5 0.62 0.5 0.62 127300
AAC 20020404 0.67 0.67 0.63 0.65 18400
AAC 20020405 0.65 0.7 0.6 0.65 53700
AAC 20020408 0.63 0.63 0.55 0.61 41100
AAC 20020409 0.6 0.63 0.6 0.63 24800
AAC 20020410 0.57 0.69 0.57 0.69 15900
AAC 20020411 0.7 0.7 0.6 0.67 20100
AAC 20020412 0.68 0.68 0.6 0.68 30200
AAC 20020415 0.62 0.65 0.6 0.65 8000
AAC 20020416 0.61 0.75 0.6 0.74 259700
AAC 20020417 0.75 0.75 0.65 0.69 93000
AAC 20020418 0.7 0.7 0.65 0.65 11600
AAC 20020419 0.65 0.65 0.6 0.62 40500
AAC 20020422 0.62 0.66 0.62 0.66 69300
AAC 20020423 0.65 0.69 0.6 0.66 34900
AAC 20020424 0.65 0.67 0.6 0.63 72500
AAC 20020425 0.63 0.7 0.63 0.68 15000
AAC 20020426 0.65 0.67 0.62 0.67 26600
AAC 20020429 0.6 0.6 0.5 0.59 129900
AAC 20020430 0.5 0.54 0.5 0.54 25000
AAC 20020501 0.51 0.51 0.51 0.51 5000
AAC 20020502 0.51 0.65 0.5 0.62 57700
AAC 20020503 0.59 0.64 0.55 0.61 73500
AAC 20020506 0.52 0.6 0.52 0.6 26000
AAC 20020507 0.51 0.6 0.51 0.6 12500
AAC 20020508 0.55 0.56 0.5 0.56 49900
AAC 20020509 0.5 0.53 0.46 0.53 52600
AAC 20020510 0.51 0.53 0.5 0.53 59400
AAC 20020513 0.5 0.5 0.5 0.5 2600
AAC 20020514 0.46 0.51 0.35 0.46 107100
AAC 20020515 0.47 0.47 0.45 0.45 8000
AAC 20020516 0.45 0.48 0.45 0.48 62000
AAC 20020517 0.45 0.49 0.45 0.48 50000
AAC 20020520 0.45 0.55 0.45 0.55 134000
AAC 20020521 0.5 0.54 0.5 0.51 45500
AAC 20020522 0.5 0.51 0.48 0.51 7100
AAC 20020523 0.48 0.49 0.46 0.49 10400
AAC 20020524 0.49 0.49 0.49 0.49 11000
AAC 20020528 0.49 0.49 0.4 0.48 54100
AAC 20020529 0.4 0.42 0.38 0.4 73400
AAC 20020530 0.36 0.44 0.36 0.44 24100
AAC 20020531 0.44 0.49 0.4 0.49 97400
AAC 20020603 0.5 0.54 0.47 0.54 59700
AAC 20020604 0.48 0.52 0.45 0.46 69100
AAC 20020605 0.46 0.52 0.45 0.5 161800
AAC 20020606 0.5 0.5 0.4 0.46 52900
AAC 20020607 0.46 0.46 0.46 0.46 300
AAC 20020610 0.38 0.41 0.36 0.4 9900
AAC 20020611 0.4 0.4 0.3 0.32 24800
AAC 20020612 0.3 0.34 0.27 0.34 87500
AAC 20020613 0.31 0.38 0.31 0.38 54300
AAC 20020614 0.38 0.44 0.36 0.43 129600
AAC 20020617 0.45 0.45 0.39 0.45 13800
AAC 20020618 0.45 0.56 0.41 0.56 142100
AAC 20020619 0.56 0.58 0.4 0.54 123500
AAC 20020620 0.4 0.48 0.35 0.35 71000
AAC 20020621 0.39 0.39 0.3 0.31 21100
AAC 20020624 0.46 0.46 0.24 0.35 62600
AAC 20020625 0.35 0.35 0.3 0.35 13700
AAC 20020626 0.43 0.43 0.34 0.34 4900
AAC 20020627 0.35 0.4 0.33 0.39 64000
AAC 20020628 0.43 0.43 0.31 0.43 60800
AAC 20020701 0.31 0.39 0.31 0.33 8200
AAC 20020702 0.29 0.32 0.29 0.32 300
AAC 20020703 0.32 0.32 0.21 0.29 36300
AAC 20020705 0.3 0.3 0.3 0.3 700
AAC 20020708 0.29 0.29 0.28 0.28 7900
AAC 20020709 0.29 0.3 0.29 0.3 10000
AAC 20020710 0.29 0.34 0.23 0.33 109600
AAC 20020711 0.29 0.36 0.29 0.36 12700
AAC 20020712 0.34 0.43 0.34 0.38 182200
AAC 20020715 0.35 0.35 0.3 0.3 15000
AAC 20020716 0.28 0.3 0.25 0.3 85700
AAC 20020717 0.28 0.3 0.28 0.3 52300
AAC 20020718 0.3 0.3 0.29 0.29 9700
AAC 20020719 0.29 0.3 0.22 0.3 17400
AAC 20020722 0.23 0.3 0.23 0.25 69000
AAC 20020723 0.22 0.23 0.22 0.23 17000
AAC 20020724 0.21 0.26 0.21 0.24 41100
AAC 20020725 0.21 0.21 0.21 0.21 4500
AAC 20020726 0.12 0.25 0.12 0.25 81800
AAC 20020729 0.28 0.28 0.19 0.22 76100
AAC 20020730 0.2 0.2 0.2 0.2 4500
AAC 20020731 0.16 0.24 0.16 0.22 123600
AAC 20020801 0.2 0.2 0.17 0.18 112000
AAC 20020802 0.2 0.2 0.18 0.2 33000
AAC 20020805 0.2 0.2 0.17 0.19 20100
AAC 20020806 0.2 0.22 0.18 0.22 93000
AAC 20020807 0.2 0.2 0.15 0.2 107400
AAC 20020808 0.19 0.19 0.14 0.18 107400
AAC 20020809 0.17 0.17 0.16 0.17 44600
AAC 20020812 0.17 0.17 0.15 0.15 17500
AAC 20020813 0.14 0.14 0.13 0.13 2000
AAC 20020814 0.15 0.16 0.13 0.16 20500
AAC 20020815 0.18 0.18 0.1 0.14 115100
AAC 20020816 0.14 0.15 0.14 0.15 19800
AAC 20020819 0.15 0.17 0.08 0.15 183300
AAC 20020820 0.12 0.12 0.12 0.12 5000
AAC 20020821 0.11 0.13 0.08 0.09 76400
AAC 20020822 0.1 0.11 0.09 0.1 74700
AAC 20020823 0.12 0.12 0.1 0.11 13900
AAC 20020826 0.09 0.09 0.08 0.09 38500
AAC 20020827 0.1 0.1 0.07 0.09 39200
AAC 20020828 0.07 0.1 0.07 0.1 31200
AAC 20020829 0.1 0.1 0.08 0.1 49600
AAC 20020903 0.1 0.1 0.07 0.08 94000
AAC 20020904 0.07 0.1 0.07 0.1 12200
AAC 20020905 0.1 0.1 0.08 0.08 68600
AAC 20020906 0.08 0.09 0.07 0.07 164000
AAC 20020909 0.08 0.09 0.08 0.09 8000
AAC 20020910 0.09 0.09 0.07 0.07 86300
AAC 20020911 0.08 0.08 0.07 0.08 53800
AAC 20020912 0.08 0.08 0.08 0.08 1200
AAC 20020913 0.08 0.1 0.08 0.1 108300
AAC 20020916 0.1 0.15 0.1 0.15 366900
AAC 20020917 0.15 0.19 0.15 0.17 139000
AAC 20020918 0.17 0.21 0.17 0.18 164800
AAC 20020919 0.16 0.17 0.14 0.14 44900
AAC 20020920 0.14 0.15 0.12 0.15 61100
AAC 20020923 0.13 0.13 0.12 0.12 28500
AAC 20020924 0.13 0.14 0.13 0.14 73200
AAC 20020925 0.15 0.16 0.13 0.13 112700
AAC 20020926 0.13 0.13 0.12 0.12 68000
AAC 20020927 0.1 0.11 0.09 0.11 64800
AAC 20020930 0.09 0.12 0.09 0.12 10300
AAC 20021001 0.11 0.12 0.11 0.11 18300
AAC 20021002 0.11 0.11 0.1 0.1 14900
AAC 20021003 0.09 0.1 0.08 0.1 45000
AAC 20021004 0.11 0.11 0.11 0.11 11500
AAC 20021007 0.11 0.11 0.08 0.1 33500
AAC 20021008 0.11 0.11 0.11 0.11 1900
AAC 20021009 0.1 0.1 0.1 0.1 2500
AAC 20021010 0.1 0.12 0.09 0.12 77800
AAC 20021011 0.1 0.13 0.1 0.13 30500
AAC 20021014 0.12 0.17 0.12 0.17 57600
AAC 20021015 0.17 0.2 0.15 0.19 100600
AAC 20021016 0.19 0.2 0.15 0.15 17300
AAC 20021017 0.16 0.2 0.16 0.19 64100
AAC 20021018 0.16 0.2 0.16 0.2 21200
AAC 20021021 0.16 0.19 0.16 0.19 37500
AAC 20021022 0.18 0.19 0.16 0.18 125500
AAC 20021023 0.18 0.19 0.16 0.18 97100
AAC 20021024 0.16 0.17 0.16 0.16 13100
AAC 20021025 0.17 0.17 0.15 0.15 25100
AAC 20021028 0.18 0.18 0.14 0.14 53300
AAC 20021030 0.14 0.15 0.14 0.15 20500
AAC 20021031 0.13 0.13 0.12 0.13 31800
AAC 20021101 0.13 0.14 0.13 0.14 7000
AAC 20021104 0.14 0.14 0.13 0.13 27500
AAC 20021105 0.13 0.15 0.12 0.15 248400
AAC 20021106 0.15 0.18 0.14 0.18 188900
AAC 20021107 0.18 0.19 0.16 0.18 343200
AAC 20021108 0.19 0.2 0.16 0.2 134300
AAC 20021111 0.17 0.2 0.17 0.19 176100
AAC 20021112 0.16 0.22 0.16 0.18 345200
AAC 20021113 0.17 0.17 0.14 0.15 153400
AAC 20021114 0.15 0.15 0.13 0.15 53600
AAC 20021115 0.15 0.17 0.15 0.17 100700
AAC 20021118 0.17 0.17 0.15 0.15 129700
AAC 20021119 0.15 0.16 0.13 0.13 158700
AAC 20021120 0.14 0.14 0.1 0.1 346100
AAC 20021121 0.11 0.13 0.11 0.11 253700
AAC 20021122 0.12 0.12 0.11 0.12 225500
AAC 20021125 0.12 0.12 0.1 0.11 108900
AAC 20021126 0.11 0.12 0.1 0.12 51800
AAC 20021127 0.11 0.12 0.1 0.12 100400
AAC 20021129 0.12 0.12 0.12 0.12 80600
AAC 20021202 0.12 0.12 0.11 0.12 20600
AAC 20021203 0.13 0.15 0.12 0.13 136900
AAC 20021204 0.14 0.14 0.12 0.13 93700
AAC 20021205 0.13 0.13 0.11 0.11 152000
AAC 20021206 0.11 0.13 0.1 0.12 244800
AAC 20021209 0.12 0.14 0.11 0.12 75200
AAC 20021210 0.13 0.13 0.11 0.12 33300
AAC 20021211 0.12 0.12 0.11 0.11 35700
AAC 20021212 0.12 0.12 0.12 0.12 22300
AAC 20021213 0.12 0.12 0.1 0.12 87200
AAC 20021216 0.12 0.13 0.11 0.11 95600
AAC 20021217 0.11 0.11 0.08 0.11 321700
AAC 20021218 0.11 0.11 0.08 0.1 124200
AAC 20021219 0.1 0.1 0.08 0.09 94900
AAC 20021220 0.08 0.09 0.08 0.08 151900
AAC 20021223 0.09 0.09 0.09 0.09 10800
AAC 20021224 0.09 0.09 0.08 0.08 5400
AAC 20021226 0.09 0.09 0.08 0.08 21200
AAC 20021227 0.09 0.1 0.08 0.1 57900
AAC 20021230 0.1 0.1 0.08 0.1 70600
AAC 20021231 0.09 0.1 0.09 0.09 146000
AAC 20030102 0.09 0.1 0.09 0.09 39300
AAC 20030103 0.09 0.1 0.08 0.1 36600
AAC 20030106 0.09 0.1 0.08 0.09 103900
AAC 20030107 0.09 0.09 0.08 0.09 12300
AAC 20030108 0.09 0.09 0.08 0.08 100000
AAC 20030109 0.08 0.08 0.07 0.08 43700
AAC 20030110 0.08 0.08 0.07 0.08 49100
AAC 20030113 0.07 0.08 0.07 0.08 17400
AAC 20030114 0.07 0.08 0.07 0.08 8700
AAC 20030115 0.07 0.07 0.06 0.07 870700
AAC 20030116 0.07 0.07 0.05 0.05 1288100
AAC 20030117 0.06 0.1 0.06 0.08 2103500
AAC 20030121 0.1 0.1 0.08 0.1 1202300
AAC 20030122 0.1 0.1 0.08 0.08 321000
AAC 20030123 0.09 0.09 0.07 0.08 457300
AAC 20030124 0.08 0.09 0.07 0.08 471400
AAC 20030127 0.08 0.09 0.08 0.09 702100
AAC 20030128 0.09 0.1 0.08 0.08 200600
AAC 20030129 0.08 0.09 0.07 0.08 218900
AAC 20030130 0.07 0.08 0.07 0.08 79300
AAC 20030131 0.07 0.08 0.07 0.07 79700
AAC 20030203 0.07 0.08 0.06 0.08 336300
AAC 20030204 0.08 0.08 0.07 0.07 24500
AAC 20030205 0.07 0.08 0.06 0.07 65700
AAC 20030206 0.07 0.08 0.06 0.08 99400
AAC 20030207 0.06 0.08 0.06 0.08 34900
AAC 20030210 0.07 0.08 0.06 0.08 15000
AAC 20030211 0.07 0.07 0.07 0.07 16500
AAC 20030212 0.08 0.08 0.06 0.07 39000
AAC 20030213 0.06 0.08 0.06 0.07 98900
AAC 20030214 0.07 0.08 0.06 0.07 135600
AAC 20030218 0.07 0.07 0.07 0.07 4300
AAC 20030219 0.07 0.07 0.06 0.07 95300
AAC 20030220 0.07 0.07 0.06 0.07 42800
AAC 20030221 0.06 0.07 0.06 0.06 72500
AAC 20030224 0.07 0.07 0.06 0.07 11600
AAC 20030225 0.07 0.07 0.06 0.07 116600
AAC 20030226 0.07 0.07 0.06 0.07 24300
AAC 20030227 0.07 0.07 0.05 0.06 66200
AAC 20030228 0.06 0.06 0.05 0.06 22500
AAC 20030303 0.05 0.06 0.05 0.05 72300
AAC 20030304 0.06 0.06 0.05 0.05 211700
AAC 20030305 0.05 0.06 0.05 0.05 145200
AAC 20030306 0.05 0.06 0.04 0.05 983400
AAC 20030307 0.05 0.06 0.04 0.05 636200
AAC 20030310 0.05 0.05 0.04 0.05 246300
AAC 20030311 0.05 0.05 0.04 0.04 31900
AAC 20030312 0.05 0.05 0.04 0.04 30600
AAC 20030313 0.05 0.07 0.05 0.06 772800
AAC 20030314 0.06 0.06 0.05 0.05 105400
AAC 20030317 0.06 0.06 0.04 0.05 444100
AAC 20030318 0.06 0.06 0.04 0.05 30400
AAC 20030319 0.04 0.06 0.04 0.06 66500
AAC 20030320 0.06 0.06 0.05 0.05 55800
AAC 20030321 0.06 0.06 0.04 0.06 62900
AAC 20030324 0.06 0.06 0.05 0.05 27700
AAC 20030325 0.05 0.06 0.05 0.05 30000
AAC 20030326 0.05 0.06 0.05 0.05 147700
AAC 20030327 0.05 0.05 0.05 0.05 36500
AAC 20030328 0.05 0.08 0.04 0.06 1732100
AAC 20030331 0.07 0.07 0.05 0.06 766400
AAC 20030401 0.06 0.07 0.06 0.06 266200
AAC 20030402 0.05 0.07 0.05 0.06 167700
AAC 20030403 0.06 0.08 0.05 0.06 916200
AAC 20030404 0.07 0.09 0.06 0.08 1704900
AAC 20030407 0.12 0.12 0.09 0.1 1614200
AAC 20030408 0.1 0.1 0.07 0.07 766200
AAC 20030409 0.09 0.09 0.08 0.09 245600
AAC 20030410 0.08 0.09 0.07 0.08 184500
AAC 20030411 0.09 0.09 0.07 0.08 81400
AAC 20030414 0.08 0.09 0.07 0.07 81300
AAC 20030415 0.08 0.08 0.07 0.07 31000
AAC 20030416 0.07 0.08 0.07 0.07 34600
AAC 20030417 0.08 0.08 0.07 0.07 26000
AAC 20030421 0.07 0.08 0.06 0.07 126900
AAC 20030422 0.07 0.07 0.06 0.07 46000
AAC 20030423 0.06 0.07 0.06 0.06 17100
AAC 20030424 0.06 0.07 0.06 0.07 57700
AAC 20030425 0.07 0.07 0.06 0.07 50000
AAC 20030428 0.07 0.07 0.06 0.06 99000
AAC 20030429 0.06 0.07 0.06 0.07 11800
AAC 20030430 0.07 0.08 0.06 0.08 150400
AAC 20030501 0.07 0.07 0.07 0.07 7000
AAC 20030502 0.06 0.07 0.06 0.07 15400
AAC 20030505 0.08 0.09 0.07 0.08 831100
AAC 20030506 0.09 0.09 0.07 0.07 165400
AAC 20030507 0.07 0.08 0.07 0.07 27300
AAC 20030508 0.1 0.1 0.07 0.08 169900
AAC 20030509 0.08 0.11 0.08 0.09 1445600
AAC 20030512 0.11 0.15 0.09 0.12 2522100
AAC 20030513 0.12 0.13 0.1 0.1 802900
AAC 20030514 0.1 0.12 0.1 0.11 198100
AAC 20030515 0.12 0.15 0.1 0.15 1076800
AAC 20030516 0.21 0.23 0.16 0.18 3678400
AAC 20030519 0.2 0.32 0.2 0.27 4666100
AAC 20030520 0.28 0.28 0.2 0.22 2359700
AAC 20030521 0.21 0.25 0.19 0.22 1396600
AAC 20030522 0.21 0.22 0.18 0.19 899400
AAC 20030523 0.2 0.21 0.18 0.18 466900
AAC 20030527 0.18 0.24 0.18 0.21 2023800
AAC 20030528 0.22 0.23 0.2 0.21 2324200
AAC 20030529 0.21 0.21 0.19 0.2 448000
AAC 20030530 0.2 0.22 0.19 0.2 983100
AAC 20030602 0.2 0.23 0.19 0.21 4865200
AAC 20030603 0.21 0.22 0.2 0.21 1880900
AAC 20030604 0.22 0.28 0.2 0.27 6503100
AAC 20030605 0.28 0.29 0.22 0.25 1914400
AAC 20030606 0.25 0.26 0.21 0.22 1642100
AAC 20030609 0.22 0.24 0.21 0.24 814900
AAC 20030610 0.23 0.24 0.23 0.23 557000
AAC 20030611 0.23 0.3 0.22 0.27 2997700
AAC 20030612 0.27 0.28 0.24 0.24 1215300
AAC 20030613 0.24 0.24 0.21 0.23 725300
AAC 20030616 0.23 0.29 0.23 0.29 3078700
AAC 20030617 0.29 0.36 0.29 0.3 6068300
AAC 20030618 0.33 0.34 0.29 0.29 1912700
AAI 19940628 3.38 4.12 3.38 4.03 3594200
AAI 19940629 4.31 4.75 4.25 4.75 1787800
AAI 19940630 4.95 4.95 4.56 4.78 506800
AAI 19940701 4.81 4.81 4.45 4.59 300500
AAI 19940705 4.5 4.75 4.38 4.7 211000
AAI 19940706 4.7 5.06 4.56 4.95 311100
AAI 19940707 5.06 5.12 4.88 4.97 280300
AAI 19940708 4.88 5.06 4.88 4.95 74700
AAI 19940711 5 5 4.75 4.88 40000
AAI 19940712 4.95 5 4.81 4.95 48500
AAI 19940713 4.95 5.56 4.95 5.56 212200
AAI 19940714 5.56 5.81 5.44 5.81 168400
AAI 19940715 5.81 6.12 5.69 6.06 145000
AAI 19940718 5.94 6 5.75 5.94 260500
AAI 19940719 5.88 6 5.88 5.94 75400
AAI 19940720 5.88 5.94 5.66 5.69 650900
AAI 19940721 5.69 5.75 5.19 5.38 145100
AAI 19940722 5.25 5.38 5.06 5.25 195700
AAI 19940725 5.25 5.38 5.06 5.38 198100
AAI 19940726 5.38 5.69 5.38 5.69 103600
AAI 19940727 5.69 5.81 5.62 5.75 28300
AAI 19940728 5.75 6.12 5.72 5.81 228500
AAI 19940729 5.94 5.94 5.56 5.81 143000
AAI 19940801 5.75 5.94 5.75 5.88 132300
AAI 19940802 5.94 5.94 5.69 5.75 134300
AAI 19940803 5.69 5.75 5.38 5.41 124000
AAI 19940804 5.44 5.5 5.31 5.38 42600
AAI 19940805 5.38 5.44 5.25 5.38 54000
AAI 19940808 5.38 5.44 5.25 5.38 69700
AAI 19940809 5.31 5.56 5.31 5.53 60700
AAI 19940810 5.62 5.88 5.44 5.81 34000
AAI 19940811 5.69 5.88 5.69 5.78 44400
AAI 19940812 5.81 5.88 5.75 5.84 30700
AAI 19940815 5.75 5.88 5.69 5.75 20400
AAI 19940816 5.75 5.81 5.56 5.66 50500
AAI 19940817 5.75 5.75 5.62 5.75 16100
AAI 19940818 5.62 5.75 5.5 5.56 32100
AAI 19940819 5.5 5.56 5.38 5.38 45800
AAI 19940822 5.38 5.5 5.31 5.31 13100
AAI 19940823 5.38 5.38 5.12 5.28 54700
AAI 19940824 5.19 5.31 5.19 5.19 41500
AAI 19940825 5.31 5.31 4.95 4.95 102200
AAI 19940826 4.95 5.44 4.95 5.38 69900
AAI 19940829 5.38 5.62 5.38 5.56 55600
AAI 19940830 5.56 5.56 5.44 5.44 14500
AAI 19940831 5.56 5.56 5.38 5.38 21100
AAI 19940901 5.5 5.5 5.38 5.38 9100
AAI 19940902 5.38 5.5 5.38 5.38 17500
AAI 19940906 5.38 5.5 5.19 5.25 13600
AAI 19940907 5.19 5.38 5.19 5.28 144800
AAI 19940908 5.31 5.31 5.06 5.16 35800
AAI 19940909 5.12 5.25 5.06 5.19 14500
AAI 19940912 5.25 5.25 5.12 5.12 6600
AAI 19940913 5.19 5.31 5.12 5.31 41600
AAI 19940914 5.31 5.31 5.19 5.25 2400
AAI 19940915 5.19 5.31 5.19 5.31 97000
AAI 19940916 5.31 5.38 5.19 5.38 34200
AAI 19940919 5.34 5.38 5.19 5.31 15700
AAI 19940920 5.25 5.25 5.19 5.25 18200
AAI 19940921 5.19 5.19 5 5 89700
AAI 19940922 5 5.12 4.95 5 19800
AAI 19940923 5.06 5.06 4.95 4.95 12800
AAI 19940926 4.95 5.19 4.95 5.12 43800
AAI 19940927 5.19 5.62 5.19 5.44 55900
AAI 19940928 5.5 5.69 5.44 5.56 92600
AAI 19940929 5.56 5.56 5.31 5.31 46800
AAI 19940930 5.25 5.62 5.25 5.5 74700
AAI 19941003 5.5 5.62 5.44 5.44 219700
AAI 19941004 5.56 5.69 5.44 5.56 55900
AAI 19941005 5.44 5.56 5.06 5.31 69000
AAI 19941006 5.19 5.31 5.12 5.25 39600
AAI 19941007 5.12 5.19 4.81 4.88 343900
AAI 19941010 4.95 5 4.81 4.88 107000
AAI 19941011 5 5.25 4.95 5.25 526000
AAI 19941012 5.31 5.31 5.06 5.06 283800
AAI 19941013 5.12 5.19 4.88 4.88 113200
AAI 19941014 5 5 4.81 4.91 143000
AAI 19941017 4.88 4.95 4.66 4.75 202000
AAI 19941018 4.75 4.95 4.7 4.91 113800
AAI 19941019 4.95 5.25 4.88 5.12 179900
AAI 19941020 5.31 5.31 5.12 5.25 55400
AAI 19941021 5.31 5.31 5.12 5.19 139800
AAI 19941024 5.19 5.31 5.19 5.19 43400
AAI 19941025 5.19 5.19 5.06 5.19 100500
AAI 19941026 5.08 5.19 5.06 5.19 52600
AAI 19941027 5.06 5.19 5 5.06 57700
AAI 19941028 5 5.19 5 5 7800
AAI 19941031 5.19 5.19 5 5.19 53400
AAI 19941101 5.19 5.19 5.06 5.12 3600
AAI 19941102 5.19 5.44 5.12 5.38 161900
AAI 19941103 5.44 5.75 5.44 5.75 145400
AAI 19941104 5.75 5.94 5.58 5.69 91200
AAI 19941107 5.69 5.81 5.69 5.75 63400
AAI 19941108 5.75 5.81 5.69 5.81 72200
AAI 19941109 5.75 5.94 5.69 5.88 129600
AAI 19941110 5.88 6.06 5.88 6 169000
AAI 19941111 5.88 6.06 5.88 6.03 115600
AAI 19941114 6 6.31 5.94 6.25 90000
AAI 19941115 6.31 6.31 6.06 6.19 147400
AAI 19941116 6.06 6.19 6.06 6.06 63700
AAI 19941117 6 6.12 5.88 5.88 154300
AAI 19941118 5.88 5.94 5.81 5.81 36400
AAI 19941121 5.88 5.88 5.69 5.69 6600
AAI 19941122 5.69 5.81 5.44 5.44 84800
AAI 19941123 5.44 5.62 5.38 5.62 36600
AAI 19941125 5.62 5.75 5.53 5.75 9700
AAI 19941128 5.75 5.75 5.62 5.7 10700
AAI 19941129 5.81 5.81 5.69 5.78 5000
AAI 19941130 5.69 5.88 5.69 5.88 24200
AAI 19941201 5.75 5.81 5.69 5.75 13700
AAI 19941202 5.81 5.88 5.69 5.72 45100
AAI 19941205 5.69 5.75 5.69 5.69 4000
AAI 19941206 5.75 5.75 5.69 5.72 65900
AAI 19941207 5.88 5.88 5.69 5.88 5100
AAI 19941208 5.88 5.88 5.62 5.64 71200
AAI 19941209 5.56 5.62 5.44 5.5 114000
AAI 19941212 5.44 5.62 5.44 5.56 50000
AAI 19941213 5.44 5.56 5.38 5.39 119600
AAI 19941214 5.38 5.5 5.38 5.38 47700
AAI 19941215 5.5 5.5 5.31 5.31 25500
AAI 19941216 5.38 5.5 5.34 5.47 81700
AAI 19941219 5.38 5.5 5.38 5.44 21700
AAI 19941220 5.38 5.75 5.31 5.62 68200
AAI 19941221 5.75 5.75 5.56 5.73 37100
AAI 19941222 5.75 5.75 5.62 5.75 26200
AAI 19941223 5.62 5.72 5.56 5.56 4900
AAI 19941227 5.62 5.62 5.19 5.31 162200
AAI 19941228 5.25 5.28 5.12 5.25 107800
AAI 19941229 5.22 5.25 5.16 5.25 54300
AAI 19941230 5.16 5.31 5.16 5.31 95200
AAI 19950103 5.31 5.31 5.19 5.25 82900
AAI 19950104 5.25 5.38 5.25 5.38 286400
AAI 19950105 5.38 5.38 5.12 5.12 71100
AAI 19950106 5.25 5.25 4.75 5 317800
AAI 19950109 5.06 5.06 4.88 4.95 123300
AAI 19950110 4.95 5.12 4.95 5 400400
AAI 19950111 5.12 5.25 5.06 5.25 163100
AAI 19950112 5.25 5.25 5.06 5.12 313600
AAI 19950113 5.25 5.25 5.19 5.22 5600
AAI 19950116 5.25 5.25 5.19 5.25 140400
AAI 19950117 5.19 5.5 5.19 5.38 144300
AAI 19950118 5.44 5.69 5.38 5.56 103000
AAI 19950119 5.5 5.62 5.38 5.5 69400
AAI 19950120 5.38 5.44 5.31 5.38 54300
AAI 19950123 5.25 5.38 5.25 5.25 46400
AAI 19950124 5.25 5.44 5.25 5.41 96500
AAI 19950125 5.38 5.44 5.34 5.34 21800
AAI 19950126 5.38 5.38 5.12 5.12 177200
AAI 19950127 5.19 5.19 5.06 5.06 108600
AAI 19950130 5.19 5.25 5.08 5.12 50800
AAI 19950131 5.25 5.25 5.12 5.25 11300
AAI 19950201 5.12 5.5 5.12 5.5 156300
AAI 19950202 5.5 5.56 5.38 5.47 40800
AAI 19950203 5.5 5.56 5.38 5.5 89400
AAI 19950206 5.5 5.62 5.44 5.62 91400
AAI 19950207 5.62 5.69 5.5 5.69 207300
AAI 19950208 5.69 5.75 5.56 5.56 174000
AAI 19950209 5.56 5.75 5.56 5.69 138000
AAI 19950210 5.75 5.94 5.62 5.91 188600
AAI 19950213 5.94 5.94 5.81 5.88 105300
AAI 19950214 5.94 5.94 5.81 5.84 112300
AAI 19950215 5.81 5.94 5.81 5.94 88500
AAI 19950216 5.94 5.94 5.81 5.94 49400
AAI 19950217 5.88 6 5.88 5.89 96000
AAI 19950221 6 6.25 5.88 6.22 131000
AAI 19950222 6.25 6.56 6.12 6.56 496300
AAI 19950223 6.44 7.28 6.44 6.94 837500
AAI 19950224 6.81 6.94 6.81 6.84 114900
AAI 19950227 6.69 6.88 6.69 6.88 48600
AAI 19950228 6.75 7.25 6.75 7.22 262300
AAI 19950301 7.25 7.69 7.19 7.62 839300
AAI 19950302 7.81 8.09 7.75 8.09 360900
AAI 19950303 8.12 8.12 7.69 7.81 266200
AAI 19950306 7.69 8.25 7.5 7.81 492000
AAI 19950307 7.81 8.75 7.81 8.75 439400
AAI 19950308 8.69 9.62 8.69 9.39 537400
AAI 19950309 9.5 10.06 9.44 9.69 704000
AAI 19950310 10.19 10.19 9.69 9.81 545700
AAI 19950313 9.81 10.25 9.75 10.25 167700
AAI 19950314 10.31 11.06 10.25 10.81 576400
AAI 19950315 10.88 11 10.19 10.25 542500
AAI 19950316 10.12 10.5 9.94 10.31 499400
AAI 19950317 10.5 10.94 10.31 10.78 193200
AAI 19950320 10.88 11.94 10.81 11.88 343700
AAI 19950321 11.88 11.88 11.19 11.28 487400
AAI 19950322 11.12 11.25 10.94 11.09 223800
AAI 19950323 11.06 11.25 11.06 11.25 53600
AAI 19950324 11.25 12.19 11.12 12.19 295600
AAI 19950327 12.25 12.62 12.19 12.47 402400
AAI 19950328 12.56 12.56 12.25 12.38 79600
AAI 19950329 12.38 12.38 11.88 11.91 103200
AAI 19950330 11.88 11.94 11.38 11.69 169500
AAI 19950331 11.56 12.19 11.44 12.19 161700
AAI 19950403 12.25 12.62 12.06 12.62 178300
AAI 19950404 12.75 13.81 12.56 13.69 472000
AAI 19950405 13.69 13.69 13.06 13.09 430800
AAI 19950406 13.06 13.12 12.5 12.69 325200
AAI 19950407 12.62 13.12 12.62 12.94 771700
AAI 19950410 12.94 13.81 12.94 13.81 359800
AAI 19950411 13.88 14.56 13.69 13.81 1298300
AAI 19950412 14.12 14.44 13.62 13.75 571000
AAI 19950413 13.75 14.5 13.44 14 867000
AAI 19950417 14.69 14.69 14.19 14.38 490600
AAI 19950418 14.75 14.88 12.56 13.12 1524600
AAI 19950419 13.5 13.5 12 12.25 1289500
AAI 19950420 12.31 13.25 12.19 13.06 827900
AAI 19950421 13.12 13.56 12.56 12.69 1082300
AAI 19950424 12.69 13.12 12.56 13.12 171800
AAI 19950425 13.12 13.75 13 13.59 433800
AAI 19950426 13.62 14.06 12.56 13.25 612200
AAI 19950427 13.25 13.62 12.81 13.62 305500
AAI 19950428 13.56 13.81 13.44 13.5 766400
AAI 19950501 13.62 13.69 13.25 13.38 91200
AAI 19950502 13.38 13.81 12.94 13.81 329200
AAI 19950503 13.81 14.62 13.56 14.56 863500
AAI 19950504 14.19 15.38 14.12 15.12 1242500
AAI 19950505 15.38 15.44 14.88 15.06 821300
AAI 19950508 15.06 15.12 14.62 14.88 278300
AAI 19950509 15 15 14.38 15 371900
AAI 19950510 15.06 16.38 15 16.2 837500
AAI 19950511 16.2 17.12 16.06 16.62 924700
AAI 19950512 16.81 16.81 15.12 15.62 1123300
AAI 19950515 15.31 16.56 14.88 16.56 843000
AAI 19950516 16.62 16.7 16.31 16.53 473300
AAI 19950517 16.45 16.62 16.2 16.47 315400
AAI 19950518 16.38 16.5 15.56 15.62 635000
AAI 19950519 15.5 15.81 15.12 15.56 336300
AAI 19950522 15.69 15.88 15.5 15.88 341800
AAI 19950523 15.88 16.5 15.81 16.2 330300
AAI 19950524 16.12 16.31 15.5 15.62 211600
AAI 19950525 15.62 15.69 15.19 15.62 354200
AAI 19950526 15.5 15.62 15.31 15.38 206200
AAI 19950530 15.25 15.44 14.5 14.56 410300
AAI 19950531 14.62 15 14.19 15 672300
AAI 19950601 14.94 16.06 14.62 14.75 686500
AAI 19950602 14.44 16 14.19 15.69 928100
AAI 19950605 15.69 16.56 15.69 16.31 540900
AAI 19950606 16.31 16.88 16.31 16.45 352400
AAI 19950607 16.56 16.95 16.31 16.45 190000
AAI 19950608 16.45 16.7 16.31 16.41 154600
AAI 19950609 15.22 16 14.94 15.88 1013000
AAI 19950612 15.88 16.25 15.81 16.06 234900
AAI 19950613 16.06 16.62 15.81 16.31 331300
AAI 19950614 16.38 17.5 16.2 17.31 531100
AAI 19950615 17.31 17.95 17.31 17.7 456400
AAI 19950616 17.62 17.95 17.25 17.34 220400
AAI 19950619 17.45 17.62 17.31 17.53 211200
AAI 19950620 17.5 17.62 16.31 16.56 619300
AAI 19950621 16.95 17.25 16.38 16.5 404100
AAI 19950622 16.56 16.75 16.25 16.25 320000
AAI 19950623 16.31 16.31 16 16.31 159700
AAI 19950626 16.2 16.38 15.41 15.88 289100
AAI 19950627 15.75 16.62 15.75 16.62 305600
AAI 19950628 16.56 16.7 15.38 15.62 532400
AAI 19950629 15.56 15.81 15.19 15.81 303600
AAI 19950630 15.81 16.7 15.69 16.45 255600
AAI 19950703 16.5 16.5 16.25 16.45 53200
AAI 19950705 16.38 16.7 16 16.45 277200
AAI 19950706 16.45 17.45 16.45 17.22 806100
AAI 19950707 17.38 17.56 17 17.12 678900
AAI 19950710 17.12 17.2 16.62 17.2 261000
AAI 19950711 17.12 17.2 16.88 17.06 111800
AAI 19950712 16.95 17.95 16.95 17.81 489400
AAI 19950713 18 18.06 17.12 17.12 495100
AAI 19950714 17.06 17.12 15.44 15.56 1490100
AAI 19950717 16.31 16.7 14.06 14.88 3937800
AAI 19950718 14.88 15.62 14.88 15.25 1541000
AAI 19950719 14.88 14.88 13.31 14.25 1125600
AAI 19950720 14.44 14.81 14.06 14.31 668900
AAI 19950721 14.38 14.56 14.25 14.31 227200
AAI 19950724 14.25 14.31 13.69 13.88 241100
AAI 19950725 13.69 14.56 13.31 14.38 580700
AAI 19950726 14.5 14.88 14.38 14.75 719800
AAI 19950727 14.81 15.56 14.81 15.25 811300
AAI 19950728 15.31 15.44 15.25 15.38 669400
AAI 19950731 15.38 15.44 15.06 15.44 476000
AAI 19950801 15.25 15.69 15.25 15.56 434800
AAI 19950802 15.5 15.56 14.88 15 536100
AAI 19950803 14.94 15.06 14.81 14.94 398900
AAI 19950804 15 15.31 14.81 15.25 190800
AAI 19950807 15.31 15.56 15.12 15.5 215400
AAI 19950808 15.56 15.62 15.19 15.44 451300
AAI 19950809 15.56 15.56 14.75 15.12 488500
AAI 19950810 15.12 15.25 14.62 15 196900
AAI 19950811 14.88 15.12 14.44 14.69 241600
AAI 19950814 14.5 14.81 14.44 14.69 240800
AAI 19950815 14.75 14.81 14.5 14.59 153800
AAI 19950816 14.69 15.38 14.62 15.38 370900
AAI 19950817 15.25 15.75 15.06 15.56 334200
AAI 19950818 15.75 15.81 15.5 15.62 390000
AAI 19950821 15.5 15.94 15.5 15.88 289800
AAI 19950822 15.94 15.94 15.56 15.75 147300
AAI 19950823 15.69 15.88 15.12 15.12 141600
AAI 19950824 15.06 15.19 14.5 14.69 215000
AAI 19950825 14.81 14.81 14.5 14.75 214300
AAI 19950828 14.69 15.06 14.69 15.06 238600
AAI 19950829 14.88 15 14.75 14.88 237100
AAI 19950830 14.81 14.94 14.5 14.62 98600
AAI 19950831 14.69 14.69 14.31 14.56 320200
AAI 19950901 14.56 14.75 14.5 14.5 230900
AAI 19950905 14.75 16.06 14.69 15.94 560200
AAI 19950906 15.94 16.38 15.88 16.03 629400
AAI 19950907 16 16.75 15.94 16.5 674200
AAI 19950908 16.5 17.06 16.5 17 545500
AAI 19950911 17 17.06 16.62 16.7 411300
AAI 19950912 16.7 17.12 16.62 17.06 586000
AAI 19950913 17.12 17.45 17 17.12 434500
AAI 19950914 17.12 17.56 17.12 17.56 491100
AAI 19950915 16.5 16.75 15.19 16.2 1485700
AAI 19950918 16.2 16.25 13.62 14.75 1233400
AAI 19950919 14.88 15.06 13.81 13.81 1785600
AAI 19950920 14.06 14.31 13.94 14.03 724200
AAI 19950921 14.12 14.38 14.06 14.31 641800
AAI 19950922 14.31 14.56 14.19 14.47 523900
AAI 19950925 14.5 15.19 14.44 14.88 495100
AAI 19950926 14.94 14.94 14.31 14.41 478700
AAI 19950927 14.19 14.69 14.06 14.31 679900
AAI 19950928 14.56 16.12 14.56 16.06 1954500
AAI 19950929 16.2 16.75 15.88 16.31 848200
AAI 19951002 16.2 16.7 15.94 16.2 446100
AAI 19951003 16.31 17.12 16.2 17.12 884200
AAI 19951004 17 17.5 16.56 17.38 602300
AAI 19951005 17.25 17.81 16.95 17.62 746700
AAI 19951006 17.56 17.62 17.12 17.25 363800
AAI 19951009 17.25 17.56 16.81 17.5 468800
AAI 19951010 17.12 17.45 17 17.31 291100
AAI 19951011 17.56 17.75 17.56 17.56 152200
AAI 19951012 17.5 19.7 17.5 19.7 993400
AAI 19951013 19.62 20.88 19.62 19.81 688200
AAI 19951016 19.81 20.5 19.62 20.12 343900
AAI 19951017 20.06 21.44 19.88 21.31 409300
AAI 19951018 21.56 21.56 20.81 20.94 602800
AAI 19951019 21.19 23 20.06 22.88 1886800
AAI 19951020 23.12 24.25 22.94 23.19 926600
AAI 19951023 23.19 23.25 22.62 22.94 462500
AAI 19951024 23.12 23.5 23 23.25 237500
AAI 19951025 23.75 23.81 23.06 23.19 278800
AAI 19951026 23.06 23.06 22.25 22.56 430200
AAI 19951027 22.56 23.38 22.44 23.31 381900
AAI 19951030 23.56 25.62 23.31 25.62 494900
AAI 19951031 26.31 26.5 25.94 26.06 437600
AAI 19951101 25.94 28.62 25.81 27.44 931500
AAI 19951102 27.44 28.56 27.38 28.44 876200
AAI 19951103 28.56 28.94 27.06 27.5 656300
AAI 19951106 27.88 28 27.44 27.66 421000
AAI 19951107 27.62 27.62 26.62 26.69 336800
AAI 19951108 27 27.31 26.69 26.69 351700
AAI 19951109 27 27 24.75 25.88 708400
AAI 19951110 25.81 26.69 25.75 26.5 194900
AAI 19951113 26.62 28.81 26.5 28.38 729200
AAI 19951114 28.12 28.12 26.06 26.69 823000
AAI 19951115 27.06 27.31 26.5 26.88 312700
AAI 19951116 26.94 28.12 26.81 27.62 471300
AAI 19951117 27.62 28.12 27.56 27.88 207000
AAI 19951120 27.56 27.69 27.06 27.62 221600
AAI 19951121 27.75 27.81 26.06 26.25 370900
AAI 19951122 26.75 28.25 26.62 27.88 926100
AAI 19951124 28 31 28 31 790300
AAI 19951127 32.5 34.75 31.56 33.5 1573700
AAI 19951128 33.62 34.25 31.75 31.75 1106100
AAI 19951129 32.12 32.75 30.19 31.81 584800
AAI 19951130 31.75 32 30.88 31 295800
AAI 19951201 31 31 28 28.12 2156700
AAI 19951204 29.12 29.75 26.94 27.94 966700
AAI 19951205 28 28.12 26.25 27.62 1130100
AAI 19951206 28 29.38 23.81 24.38 950400
AAI 19951207 23.5 23.5 20.88 21.25 5100000
AAI 19951208 21.75 24.5 21.62 24.5 1667500
AAI 19951211 25.62 25.88 23.75 23.81 1068500
AAI 19951212 24.12 24.62 23.88 24 382500
AAI 19951213 24.38 24.75 24.12 24.12 285900
AAI 19951214 24.12 24.5 22.88 23.25 319300
AAI 19951215 23.25 23.75 22.88 23.25 281400
AAI 19951218 22.75 22.88 20 21.5 789500
AAI 19951219 21.88 23.75 21.88 23.62 632700
AAI 19951220 24 24.88 23.44 24.88 593100
AAI 19951221 25 25.62 23.62 23.75 470500
AAI 19951222 24 25.88 23.75 24.38 484200
AAI 19951226 24.5 25.88 24.25 25.12 347000
AAI 19951227 25.25 25.5 23.88 25 349300
AAI 19951228 25.12 25.38 24.62 24.88 219200
AAI 19951229 24.75 25.75 24.5 24.75 380500
AAI 19960102 24.75 26.12 24.12 25.38 609300
AAI 19960103 25.41 25.62 24.75 25.5 230100
AAI 19960104 25.25 25.38 21.75 24 1208300
AAI 19960105 24 25.25 21.88 22.88 1368700
AAI 19960108 22.75 23 22 22.25 295700
AAI 19960109 22.25 23 21.38 21.62 889900
AAI 19960110 21 21.75 20.25 21.12 1300800
AAI 19960111 20.88 22 20.38 20.62 551200
AAI 19960112 20.88 21.25 19.88 20.25 598800
AAI 19960115 20.38 20.38 18.5 18.88 766200
AAI 19960116 19 20.25 19 19.25 848800
AAI 19960117 19.62 21.88 19.62 20.88 1294600
AAI 19960118 21 21.38 19.5 20.5 618600
AAI 19960119 20.5 21.12 19.62 20 424800
AAI 19960122 20.25 21.25 20.12 20.88 813600
AAI 19960123 21 22.12 20.88 21.12 518200
AAI 19960124 21.5 22.12 21.25 21.75 601800
AAI 19960125 21.88 23.12 21.5 22.75 474700
AAI 19960126 22.88 23 21.38 22.25 400200
AAI 19960129 22 22.25 21.75 22 97300
AAI 19960130 21.75 21.88 20.5 21.38 527500
AAI 19960131 21.25 22.62 21.25 22.25 634500
AAI 19960201 22.5 23.88 22.38 22.75 957300
AAI 19960202 22.62 23 22.38 22.75 393200
AAI 19960205 21 22 20.5 21.62 1170000
AAI 19960206 21.62 22.25 20.38 20.75 2473700
AAI 19960207 20.62 21.75 20.38 21.5 727600
AAI 19960208 21.75 22.12 21.62 21.88 618600
AAI 19960209 21.75 22.12 20.62 22 932900
AAI 19960212 22.12 22.62 21.75 22.62 930600
AAI 19960213 22.12 22.88 22.12 22.56 825800
AAI 19960214 22.5 22.88 22.38 22.75 563000
AAI 19960215 22.75 23.5 22.75 23 824500
AAI 19960216 22.75 23.62 22.5 23.25 688300
AAI 19960220 22.88 23.12 22.5 22.88 433700
AAI 19960221 22.12 22.75 21.62 22.25 697600
AAI 19960222 22.38 23.38 22.25 23.19 788700
AAI 19960223 23.12 24.88 23.12 24.62 1616200
AAI 19960226 24.62 24.75 23.88 23.88 1069600
AAI 19960227 23.88 24.25 23.75 24.12 417600
AAI 19960228 23.88 24.12 23.25 23.75 526500
AAI 19960229 23.25 23.25 22.88 23.12 250700
AAI 19960301 22.88 23.12 22.62 23 400400
AAI 19960304 22.62 24.75 22.5 23.81 672000
AAI 19960305 23.5 24.12 22.75 22.75 666900
AAI 19960306 22.88 22.88 22.12 22.38 414800
AAI 19960307 22.38 22.62 22.12 22.5 278600
AAI 19960308 22.12 22.38 21.12 22.12 809400
AAI 19960311 21.88 22.5 21.25 22.38 476700
AAI 19960312 22.12 23.75 22.12 23.5 523000
AAI 19960313 23.75 24.25 23.5 23.88 929700
AAI 19960314 24 24.75 23.75 24.38 459900
AAI 19960315 24.88 25.5 24.75 24.88 1035200
AAI 19960318 24.88 26.38 24.88 26.12 584300
AAI 19960319 26 26.62 25.88 26 770700
AAI 19960320 26.12 26.5 25.5 26 420000
AAI 19960321 26 27.62 25.88 27.25 692300
AAI 19960322 27.25 27.25 26.38 26.62 281700
AAI 19960325 26.38 27.12 26.38 26.75 255300
AAI 19960326 26.62 26.62 26 26.25 323800
AAI 19960327 26 26.25 25 25.25 429900
AAI 19960328 25.25 25.25 24.5 24.88 388800
AAI 19960329 24.88 25 24.62 25 202600
AAI 19960401 25 26 24.75 25.62 260200
AAI 19960402 25.88 27.5 25.75 27.25 830800
AAI 19960403 26.88 26.88 25.62 26.62 469700
AAI 19960404 26.5 26.81 25.62 26.62 401700
AAI 19960408 25.5 26.38 25.25 26.19 501200
AAI 19960409 26.38 26.62 25.62 25.88 341200
AAI 19960410 25.62 25.75 21.5 22 3276400
AAI 19960411 22.12 22.88 20.5 21 1658300
AAI 19960412 21.5 22.12 20.25 20.45 878800
AAI 19960415 20.88 21.25 20.25 20.5 1121500
AAI 19960416 20.62 20.75 19.88 20.06 1267900
AAI 19960417 20.12 21.88 20 21.5 1309400
AAI 19960418 22 22.25 21.5 21.5 1196300
AAI 19960419 21.75 22 21.12 21.38 461500
AAI 19960422 21.5 21.5 20.62 20.88 544000
AAI 19960423 20.75 20.88 19.75 19.88 1127400
AAI 19960424 19.5 20.88 19.25 20.62 2885100
AAI 19960425 21 21.88 20.38 20.38 1542100
AAI 19960426 20.75 21.62 20.38 21.12 1009400
AAI 19960429 21.12 21.38 20.75 21 431200
AAI 19960430 20.88 21.12 20.62 20.62 532000
AAI 19960501 20.88 21.25 20.25 21 773300
AAI 19960502 21 21 20.62 20.75 300000
AAI 19960503 20.88 21 20.5 20.62 654200
AAI 19960506 20 20.5 17.75 18.12 2808900
AAI 19960507 18.5 18.62 17.75 17.81 1130100
AAI 19960508 17.88 17.88 16.25 17.5 1327200
AAI 19960509 17.38 18.62 17.38 18.12 1072700
AAI 19960510 18.25 18.62 17.62 17.88 638900
AAI 19960513 11.75 14.25 11.75 13.69 22138700
AAI 19960514 15.38 15.5 14.38 15 7858600
AAI 19960515 15.38 15.38 14.25 14.31 4542400
AAI 19960516 13.75 13.75 12.38 13.44 8608300
AAI 19960517 13.5 13.75 13.12 13.12 2680100
AAI 19960520 12.38 13.11 11 11.25 10380000
AAI 19960521 11.5 13.38 11.38 13.12 6759200
AAI 19960522 13.88 13.88 12.38 12.62 5048900
AAI 19960523 13 13.12 12.62 13.12 2301700
AAI 19960524 13.12 13.38 13 13.12 1747400
AAI 19960528 13.38 13.62 13.12 13.38 1488900
AAI 19960529 13.5 14.62 13.38 14.12 2365800
AAI 19960530 14.38 14.62 14 14.03 2339800
AAI 19960531 14.12 14.12 13.38 14 1165200
AAI 19960603 13.88 14 12.88 13.38 1023300
AAI 19960604 13.38 13.88 13.12 13.88 476100
AAI 19960605 13.75 13.75 13.25 13.38 1114400
AAI 19960606 13.25 13.62 12.75 12.81 856500
AAI 19960607 12.62 12.88 12.12 12.75 2000800
AAI 19960610 12.62 12.88 12.25 12.38 1247700
AAI 19960611 12.62 12.62 11.88 12 1869300
AAI 19960612 12.25 12.25 11.5 11.75 1982000
AAI 19960613 11.62 11.75 10.75 11.38 2673500
AAI 19960614 11.12 11.25 10.62 10.62 1540500
AAI 19960617 10.75 10.75 9.89 10 2296300
AAI 19960618 4.77 6.62 4.5 6.5 23120000
AAI 19960619 6.75 7.88 6.5 7.25 11215500
AAI 19960620 7.25 7.62 7.25 7.5 4654700
AAI 19960621 7.75 7.94 7.38 7.62 3180500
AAI 19960624 8 9.12 7.62 8.94 6139700
AAI 19960625 9.12 10 8.89 8.94 6524100
AAI 19960626 9.39 9.75 9 9.25 3414400
AAI 19960627 9.39 9.39 8.89 9.12 2146500
AAI 19960628 9.25 9.5 9.19 9.44 1573300
AAI 19960701 9.62 10.75 9.56 10.75 2270400
AAI 19960702 11.25 12.38 10.75 12.12 5546500
AAI 19960703 12.25 12.25 10.5 11.5 3239200
AAI 19960705 11.38 11.62 11.12 11.38 1189200
AAI 19960708 11.75 12.12 10.88 11.5 2047900
AAI 19960709 11.5 11.5 10.75 11.12 2156300
AAI 19960710 11.38 11.5 10.88 11.25 2345900
AAI 19960711 11.25 11.25 9.89 10.75 3370700
AAI 19960712 10.5 10.88 9.75 10.44 1330400
AAI 19960715 10.5 10.5 9.39 9.5 1433800
AAI 19960716 9.19 9.5 8.39 9.25 2268100
AAI 19960717 9.75 10.12 9.39 10 1012300
AAI 19960718 10.5 10.62 10 10.06 920700
AAI 19960719 10.25 10.25 9.62 9.81 542900
AAI 19960722 9.89 10.09 9.5 9.75 828600
AAI 19960723 10 10 9.12 9.19 876700
AAI 19960724 8.89 9.25 8.75 9 682600
AAI 19960725 9.12 9.39 8.89 9 273900
AAI 19960726 9 9.12 8.75 9 382000
AAI 19960729 9.12 9.25 8.75 8.94 507900
AAI 19960730 9 9.12 8.75 8.75 248400
AAI 19960731 8.89 9.89 8.89 9.5 570400
AAI 19960801 9.5 9.75 9.25 9.62 453500
AAI 19960802 9.89 10.25 9.62 10.25 746300
AAI 19960805 10.38 11.12 10.25 11 1307200
AAI 19960806 11.25 11.5 10.38 10.75 1014200
AAI 19960807 10.62 10.88 10.38 10.88 591600
AAI 19960808 10.75 10.75 10.12 10.31 1247800
AAI 19960809 10.12 10.25 9.5 9.75 774700
AAI 19960812 10 10.5 9.75 10.38 467200
AAI 19960813 10.12 11 10 10.88 783500
AAI 19960814 10.88 11 10 10.25 865700
AAI 19960815 10 10.12 9.62 9.94 1098800
AAI 19960816 9.75 10.12 9.5 10 570500
AAI 19960819 10.12 10.88 10 10.88 1838400
AAI 19960820 11.12 11.25 10.62 10.88 1053500
AAI 19960821 10.62 11.12 10.25 10.88 1110700
AAI 19960822 10.88 11 10.5 10.94 1295700
AAI 19960823 10.88 11 10.62 10.81 494400
AAI 19960826 10.88 11.12 10.5 10.75 536400
AAI 19960827 10.62 10.88 10.38 10.88 749200
AAI 19960828 10.75 10.81 10.25 10.5 473800
AAI 19960829 10.5 11.12 10.12 11 1072500
AAI 19960830 12.5 12.75 11.88 12.5 6196100
AAI 19960903 12.5 13 12.38 13 2993600
AAI 19960904 13.12 13.12 12.38 12.62 1254000
AAI 19960905 12.5 12.75 12 12 804500
AAI 19960906 12.12 12.12 11.62 12 701000
AAI 19960909 11.62 11.75 11.25 11.5 862600
AAI 19960910 11.5 11.5 10.88 11.5 885500
AAI 19960911 11.5 12.12 11.25 12 891100
AAI 19960912 12.12 12.38 11.75 12.19 816400
AAI 19960913 12.12 12.38 11.62 12 700000
AAI 19960916 12 12.25 11.88 12.12 548300
AAI 19960917 12.25 12.38 11.88 12.25 706500
AAI 19960918 12 12.25 11.62 12.25 538400
AAI 19960919 12.25 12.25 11.75 12.06 539000
AAI 19960920 12 12.12 11.88 12.12 395700
AAI 19960923 11.75 12 11.5 11.88 644600
AAI 19960924 11.62 11.75 11.12 11.12 780900
AAI 19960925 11.12 11.12 10 10.25 1768300
AAI 19960926 10.25 13 10.25 12.88 4133900
AAI 19960927 13.75 14 12 12 8364000
AAI 19960930 12.38 12.75 12 12.06 5062100
AAI 19961001 12.25 12.25 11.5 11.94 1646400
AAI 19961002 12 12.12 11.25 11.38 1063400
AAI 19961003 11.38 11.38 10.5 11 1145900
AAI 19961004 10.88 11.12 10.88 11 521500
AAI 19961007 11.12 11.12 10.62 10.69 375200
AAI 19961008 10.75 10.75 10.25 10.5 627100
AAI 19961009 10 10.5 10 10.06 1015200
AAI 19961010 9.89 10 9.5 9.73 1124500
AAI 19961011 9.5 9.75 9.25 9.62 747900
AAI 19961014 9.25 9.62 9.25 9.25 593900
AAI 19961015 9.25 9.5 9.25 9.5 454900
AAI 19961016 9.39 10.5 9.39 10.5 1090100
AAI 19961017 10.62 10.75 10.38 10.62 577900
AAI 19961018 10.62 10.62 10.38 10.48 429100
AAI 19961021 10.38 10.5 9.5 9.62 479600
AAI 19961022 9.89 10 9.5 9.89 348600
AAI 19961023 9.89 10 9.75 10 263900
AAI 19961024 9.75 10 9.75 9.89 221800
AAI 19961025 10 10.12 9.75 9.78 282500
AAI 19961028 10 10 9.5 9.62 265500
AAI 19961029 9.75 9.75 9.5 9.62 181300
AAI 19961030 9.62 10.06 9.39 9.89 532400
AAI 19961031 9.75 9.89 9.75 9.75 164800
AAI 19961101 9.75 9.89 9.75 9.75 215600
AAI 19961104 9.89 9.89 9.62 9.86 360500
AAI 19961105 9.89 10.25 9.75 10.12 378400
AAI 19961106 10.12 10.25 10 10.25 331900
AAI 19961107 10.25 10.5 10 10.31 695100
AAI 19961108 10.5 10.88 10.25 10.69 664300
AAI 19961111 10.88 11 10.5 10.69 408600
AAI 19961112 10.75 11.25 10.62 11 1134300
AAI 19961113 11 11.12 10.75 11 507600
AAI 19961114 10.88 11 8.25 9.5 1709400
AAI 19961115 9.12 9.62 9.12 9.5 2124900
AAI 19961118 9.39 9.75 9.25 9.39 794700
AAI 19961119 9.39 9.5 9.25 9.25 334200
AAI 19961120 9.39 9.39 8.89 9.12 812200
AAI 19961121 9.12 9.25 8.89 9 461900
AAI 19961122 9 9 8.45 9 399300
AAI 19961125 8.89 9 8.75 8.94 835300
AAI 19961126 8.89 9 8.75 8.75 417900
AAI 19961127 8.89 9 8.75 9 336500
AAI 19961129 8.81 9 8.81 9 180300
AAI 19961202 9 9 8.81 8.94 608600
AAI 19961203 8.94 8.94 8.62 8.75 614300
AAI 19961204 8.39 8.56 8.25 8.44 801800
AAI 19961205 8.25 8.39 8.12 8.19 701500
AAI 19961206 8 8.19 7.75 8.19 747000
AAI 19961209 8 8.03 7.81 7.81 643400
AAI 19961210 7.88 7.88 7 7.25 1604000
AAI 19961211 7.12 7.75 6.88 7.75 2060400
AAI 19961212 7.88 8.5 7.75 8.5 1280600
AAI 19961213 8.5 8.5 8 8 508200
AAI 19961216 8.12 8.25 7.69 7.75 374200
AAI 19961217 7.62 7.75 7.44 7.5 516400
AAI 19961218 7.44 7.56 7.12 7.19 694900
AAI 19961219 7.12 7.25 6.88 7.06 1226100
AAI 19961220 7.12 7.62 7 7.5 936600
AAI 19961223 7.19 7.5 7 7.06 761200
AAI 19961224 7.06 7.12 6.97 7.12 459900
AAI 19961226 7.16 7.25 6.97 7.09 553700
AAI 19961227 7 7.06 6.88 7 771200
AAI 19961230 7 7 6.5 6.5 1290400
AAI 19961231 6.5 6.5 5.94 6.44 2552300
AAI 19970102 6.38 7 6.12 6.81 758900
AAI 19970103 6.88 7.75 6.81 7.44 1290100
AAI 19970106 7.56 7.62 7 7.12 806100
AAI 19970107 7 7.19 6.88 7.06 517900
AAI 19970108 7.19 7.19 6.94 6.94 424500
AAI 19970109 7.12 7.38 7.06 7.25 430400
AAI 19970110 7.19 7.5 7.06 7.44 446100
AAI 19970113 7.56 7.56 7.25 7.38 320700
AAI 19970114 7.38 7.5 7.25 7.38 494800
AAI 19970115 7.31 7.44 7.31 7.44 191800
AAI 19970116 7.44 7.44 7.19 7.25 281400
AAI 19970117 7.31 7.31 7.06 7.12 264000
AAI 19970120 7.12 7.5 7.06 7.48 609100
AAI 19970121 7.38 7.56 7.38 7.44 522100
AAI 19970122 7.38 7.44 7.25 7.44 263300
AAI 19970123 7.25 7.38 7.12 7.12 198300
AAI 19970124 7.25 7.25 7 7.25 230700
AAI 19970127 7.19 7.31 7.06 7.19 138000
AAI 19970128 7.19 7.38 7.06 7.19 389800
AAI 19970129 7.06 7.25 7.06 7.19 151500
AAI 19970130 7.25 7.38 7.06 7.12 462200
AAI 19970131 7.12 7.19 7 7.12 314000
AAI 19970203 7.12 7.12 6.94 7 342600
AAI 19970204 7.06 7.12 6.88 6.98 359500
AAI 19970205 6.88 7 6.69 6.69 417600
AAI 19970206 6.75 6.75 6.5 6.5 286200
AAI 19970207 6.62 6.62 6.5 6.53 290100
AAI 19970210 6.62 6.62 6.44 6.5 377100
AAI 19970211 6.62 6.62 6.5 6.53 244900
AAI 19970212 6.56 6.69 6.53 6.62 546100
AAI 19970213 6.62 6.88 6.62 6.81 493300
AAI 19970214 6.88 7.44 6.81 7.44 675000
AAI 19970218 7.28 7.34 6.94 6.97 287200
AAI 19970219 7.06 7.06 6.88 6.88 162000
AAI 19970220 6.94 7 6.62 6.75 349700
AAI 19970221 6.62 7.06 6.62 7.06 264900
AAI 19970224 7 7.38 6.88 7.31 310800
AAI 19970225 7.31 7.5 7.31 7.38 416400
AAI 19970226 7.25 7.5 7.12 7.23 568000
AAI 19970227 7.31 7.5 7.19 7.31 359100
AAI 19970228 7.31 7.5 7.12 7.31 182200
AAI 19970303 7.31 7.38 7.19 7.19 179400
AAI 19970304 7.31 7.44 7.25 7.25 315900
AAI 19970305 7.31 7.5 7.31 7.44 305300
AAI 19970306 7.44 7.88 7.38 7.62 829300
AAI 19970307 7.56 8.39 7.56 7.88 1124400
AAI 19970310 8 8.39 7.94 8.39 803300
AAI 19970311 8.44 8.75 8.25 8.25 1471000
AAI 19970312 8.39 8.39 7.94 8.06 771500
AAI 19970313 8.06 8.06 7.88 7.88 347200
AAI 19970314 8.06 8.06 7.94 8.06 399000
AAI 19970317 8 8.06 7.94 8.06 277600
AAI 19970318 8 8.06 7.94 8 238100
AAI 19970319 7.97 8.12 7.88 7.88 381600
AAI 19970320 8 8.12 7.88 8.09 897000
AAI 19970321 8 8.19 7.88 7.88 375200
AAI 19970324 8 8.03 7.81 8 375300
AAI 19970325 7.94 8.03 7.88 7.94 139800
AAI 19970326 7.97 8 7.75 7.94 128100
AAI 19970327 7.88 7.94 7.62 7.62 181700
AAI 19970331 7.69 7.69 7.38 7.38 318800
AAI 19970401 7.47 7.47 7.12 7.25 257100
AAI 19970402 7.25 7.38 7.06 7.19 183000
AAI 19970403 7.31 7.31 7.19 7.25 123900
AAI 19970404 7.19 7.5 7.19 7.5 201400
AAI 19970407 7.44 7.81 7.44 7.69 390600
AAI 19970408 7.81 7.81 7.66 7.66 119500
AAI 19970409 7.75 7.81 7.62 7.62 130100
AAI 19970410 7.62 7.75 7.5 7.69 206200
AAI 19970411 7.5 7.62 7.31 7.38 190100
AAI 19970414 7.38 7.5 7.38 7.38 183200
AAI 19970415 7.38 7.88 7.38 7.62 493900
AAI 19970416 7.75 7.75 7.56 7.69 121700
AAI 19970417 7.75 7.75 7.38 7.5 189200
AAI 19970418 7.38 7.62 7.38 7.44 114200
AAI 19970421 7.44 7.56 7.31 7.44 283900
AAI 19970422 7.31 7.5 7.19 7.25 196000
AAI 19970423 7.31 7.31 7 7.09 212600
AAI 19970424 7 7.19 6.94 7.06 229900
AAI 19970425 7.06 7.19 6.88 6.88 230600
AAI 19970428 6.91 7 6.81 6.88 143400
AAI 19970429 6.81 7 6.56 6.62 259300
AAI 19970430 6.56 6.69 6.38 6.38 571000
AAI 19970501 6.38 6.62 6.25 6.62 790700
AAI 19970502 6.62 7.38 6.56 7.34 514900
AAI 19970505 7.28 7.31 6.88 6.88 728400
AAI 19970506 6.94 7 6.81 6.88 427600
AAI 19970507 6.94 7 6.75 6.81 348400
AAI 19970508 6.88 7.06 6.78 7 210200
AAI 19970509 7.06 7.56 7.06 7.31 649300
AAI 19970512 7.31 7.31 7.06 7.12 412400
AAI 19970513 7.12 7.19 7.06 7.06 287800
AAI 19970514 7 7.12 7 7.02 194200
AAI 19970515 7.06 7.06 6.81 6.81 296800
AAI 19970516 6.94 7 6.81 6.94 155300
AAI 19970519 6.88 7 6.88 6.94 198000
AAI 19970520 7 7 6.88 6.94 188800
AAI 19970521 7 7 6.88 6.88 257400
AAI 19970522 7 7 6.88 6.94 568900
AAI 19970523 7 7 6.94 7 440600
AAI 19970527 7 7.03 6.94 7 315800
AAI 19970528 7 7 6.84 6.88 339900
AAI 19970529 6.84 6.94 6.81 6.81 275500
AAI 19970530 6.88 7 6.69 6.88 303800
AAI 19970602 7 7 6.88 7 299900
AAI 19970603 6.97 7 6.81 6.94 200100
AAI 19970604 6.84 6.94 6.81 6.88 221900
AAI 19970605 7 7.19 6.94 7.19 1460000
AAI 19970606 7.19 8 7.19 7.75 1513500
AAI 19970609 7.78 7.81 7.31 7.5 445500
AAI 19970610 7.5 7.56 7.25 7.44 232600
AAI 19970611 7.38 7.44 7.16 7.25 258700
AAI 19970612 7.25 7.38 7.12 7.16 265600
AAI 19970613 7.19 7.62 7.19 7.62 669900
AAI 19970616 7.53 7.53 7.38 7.38 188500
AAI 19970617 7.38 7.5 7.25 7.31 254200
AAI 19970618 7.31 7.31 7.06 7.19 293400
AAI 19970619 7.12 7.25 7 7.22 172600
AAI 19970620 7.06 7.22 7 7.22 325700
AAI 19970623 7.06 7.12 7 7.09 238000
AAI 19970624 7.03 7.12 7 7.03 234600
AAI 19970625 6.94 7.12 6.88 6.94 379200
AAI 19970626 7.06 7.25 7 7.12 310600
AAI 19970627 7.12 7.12 6.94 7.03 176500
AAI 19970630 7 7.06 6.88 6.91 311000
AAI 19970701 7 7.06 6.75 6.75 325000
AAI 19970702 6.75 7.06 6.75 6.91 265200
AAI 19970703 6.94 7 6.88 7 102400
AAI 19970707 7.06 7.19 6.88 6.94 291200
AAI 19970708 6.81 6.98 6.75 6.88 230300
AAI 19970709 6.88 6.88 6.75 6.81 197200
AAI 19970710 6.75 7.75 6.62 7.31 1972400
AAI 19970711 7.5 7.75 7.44 7.56 829100
AAI 19970714 7.69 7.75 7.56 7.69 677800
AAI 19970715 7.75 7.84 7.69 7.69 776400
AAI 19970716 7.75 7.78 7.56 7.66 634200
AAI 19970717 7.69 7.72 7.25 7.25 452800
AAI 19970718 7.31 7.31 7 7.06 287000
AAI 19970721 7.06 7.06 6.69 6.78 446300
AAI 19970722 6.69 6.81 6.5 6.62 661400
AAI 19970723 6.62 6.75 6.5 6.5 406500
AAI 19970724 6.53 6.62 6.47 6.56 715400
AAI 19970725 6.56 6.59 6.5 6.53 344100
AAI 19970728 6.56 6.59 6.25 6.31 440400
AAI 19970729 6.31 6.31 6.12 6.16 420100
AAI 19970730 6.16 6.5 5.83 6.31 2581000
AAI 19970731 6.34 6.5 6.12 6.25 369600
AAI 19970801 6.25 6.25 6 6.06 450300
AAI 19970804 6 6.12 6 6.06 485400
AAI 19970805 6.06 6.12 6.03 6.09 198600
AAI 19970806 6.06 6.09 6 6.06 405000
AAI 19970807 6.06 6.12 6 6 486200
AAI 19970808 6 6.09 6 6 727000
AAI 19970811 6 6.03 5.88 5.88 459000
AAI 19970812 5.94 5.94 5.88 5.88 656500
AAI 19970813 5.94 5.94 5.5 5.5 639900
AAI 19970814 5.5 6.62 5.5 6 2226400
AAI 19970815 6 6 5.77 5.88 472000
AAI 19970818 5.88 5.88 5.75 5.84 382200
AAI 19970819 5.88 5.88 5.75 5.88 438100
AAI 19970820 5.84 5.89 5.81 5.88 474200
AAI 19970821 5.84 5.88 5.75 5.75 354800
AAI 19970822 5.81 5.81 5.5 5.62 465400
AAI 19970825 5.56 5.62 5.5 5.56 279100
AAI 19970826 5.56 5.59 5.5 5.5 429900
AAI 19970827 5.53 5.53 5.5 5.5 434800
AAI 19970828 5.53 5.53 5.5 5.52 307800
AAI 19970829 5.53 5.53 5.5 5.5 217700
AAI 19970902 5.5 5.53 5.5 5.5 334300
AAI 19970903 5.5 5.53 5.5 5.53 451200
AAI 19970904 5.5 5.53 5.25 5.31 691100
AAI 19970905 5.38 5.38 5.19 5.31 522500
AAI 19970908 5.31 5.31 5 5.06 707500
AAI 19970909 5.06 5.06 4.91 4.95 1051200
AAI 19970910 4.97 5.06 4.95 5.02 948800
AAI 19970911 5.03 5.03 5 5.03 830300
AAI 19970912 5 5.05 5 5.03 454700
AAI 19970915 5.03 5.06 5 5.02 338800
AAI 19970916 5 5.03 5 5 319500
AAI 19970917 5 5.03 4.88 4.99 526100
AAI 19970918 5 5 4.88 4.89 360700
AAI 19970919 4.95 5 4.88 4.95 364400
AAI 19970922 5 5 4.88 4.95 472400
AAI 19970923 4.95 4.97 4.75 4.88 538800
AAI 19970924 5 6.5 4.97 6.47 4844600
AAI 19970925 7 7 6.5 6.69 4584700
AAI 19970926 6.94 6.94 6.12 6.31 1943900
AAI 19970929 6.28 6.31 5.88 5.97 1105400
AAI 19970930 6 6.25 5.88 6.25 828400
AAI 19971001 6.25 6.25 6.06 6.06 527600
AAI 19971002 6.19 6.25 6.06 6.12 212400
AAI 19971003 6.12 6.25 6.06 6.12 483900
AAI 19971006 6.06 6.22 5.97 6.12 470000
AAI 19971007 6.25 6.25 6 6.06 567900
AAI 19971008 6.06 6.09 6 6.03 272200
AAI 19971009 6.03 6.06 5.94 5.97 517400
AAI 19971010 5.94 6 5.94 6 364500
AAI 19971013 6 6 5.94 6 294900
AAI 19971014 5.94 6 5.94 5.94 437000
AAI 19971015 5.97 6 5.94 5.94 279700
AAI 19971016 5.94 6 5.94 5.97 402800
AAI 19971017 5.94 6 5.69 5.72 608900
AAI 19971020 5.75 5.94 5.75 5.88 387000
AAI 19971021 5.88 6 5.81 6 357600
AAI 19971022 6 6.06 5.94 6 516300
AAI 19971023 5.91 5.97 5.62 5.81 435900
AAI 19971024 5.88 6.06 5.81 5.81 519800
AAI 19971027 5.88 6 5.69 5.81 534600
AAI 19971028 5.44 5.88 5.25 5.75 892900
AAI 19971029 5.62 5.88 5.44 5.81 587900
AAI 19971030 5.81 5.81 5.62 5.75 296800
AAI 19971031 5.81 5.91 5.62 5.88 299900
AAI 19971103 5.88 6 5.88 5.94 587800
AAI 19971104 5.94 5.94 5.62 5.81 253500
AAI 19971105 5.62 5.75 5.5 5.69 428300
AAI 19971106 5.69 5.75 5.62 5.75 181400
AAI 19971107 5.62 5.75 5.56 5.75 196600
AAI 19971110 5.75 5.75 5.59 5.69 129600
AAI 19971111 5.69 5.75 5.62 5.62 134900
AAI 19971112 5.62 5.72 5.5 5.5 284700
AAI 19971113 5.56 5.56 5.25 5.25 346800
AAI 19971114 5.31 5.38 5.25 5.25 217300
AAI 19971117 5.5 5.75 5.31 5.72 340600
AAI 19971118 5.75 5.8 5.66 5.75 280900
AAI 19971119 5.75 5.75 5.38 5.38 416500
AAI 19971120 5.5 5.5 5.38 5.5 176800
AAI 19971121 5.5 5.5 5.44 5.47 245500
AAI 19971124 5.47 5.5 5.38 5.38 269500
AAI 19971125 5.38 5.41 5.25 5.31 154700
AAI 19971126 5.38 5.38 5.12 5.25 254300
AAI 19971128 5.22 5.34 5.06 5.06 143100
AAI 19971201 5.06 5.25 5.03 5.25 257000
AAI 19971202 5.25 5.25 5.06 5.12 204600